Data/conc_no2_2016/conc_no2_2016.asc
NCOLS          280
NROWS          320
XLLCORNER            0
YLLCORNER       300000
CELLSIZE         1000
NODATA_VALUE  -0.9990E+03
[rows 150 to 174 of 320, columns 168 to 223 of 280]
0.1375E+02 0.1365E+02 0.1481E+02 0.1389E+02 0.1385E+02 0.1381E+02 0.1383E+02 0.1384E+02 0.1481E+02 0.1357E+02 0.1283E+02 0.1355E+02 0.1274E+02 0.1436E+02 0.1406E+02 0.1404E+02 0.1394E+02 0.1274E+02 0.1265E+02 0.1235E+02 0.1366E+02 0.1375E+02 0.1410E+02 0.1502E+02 0.1868E+02 0.1907E+02 0.2118E+02 0.2068E+02 0.1904E+02 0.1895E+02 0.2154E+02 0.1731E+02 0.1765E+02 0.1823E+02 0.1989E+02 0.2602E+02 0.2347E+02 0.1701E+02 0.1560E+02 0.1494E+02 0.1453E+02 0.1469E+02 0.1491E+02 0.1386E+02 0.1395E+02 0.1372E+02 0.1388E+02 0.1378E+02 0.1374E+02 0.1390E+02 0.1385E+02 0.1375E+02 0.1383E+02 0.1385E+02 0.1432E+02 0.1382E+02
0.1424E+02 0.1457E+02 0.1510E+02 0.1451E+02 0.1415E+02 0.1423E+02 0.1432E+02 0.1428E+02 0.1479E+02 0.1449E+02 0.1325E+02 0.1416E+02 0.1349E+02 0.1546E+02 0.1697E+02 0.1775E+02 0.1783E+02 0.1445E+02 0.1301E+02 0.1265E+02 0.1370E+02 0.1392E+02 0.1426E+02 0.1536E+02 0.1769E+02 0.1851E+02 0.1878E+02 0.1851E+02 0.1884E+02 0.1838E+02 0.2325E+02 0.2038E+02 0.2518E+02 0.2588E+02 0.2366E+02 0.1637E+02 0.1527E+02 0.1492E+02 0.1458E+02 0.1448E+02 0.1445E+02 0.1435E+02 0.1585E+02 0.1449E+02 0.1400E+02 0.1339E+02 0.1368E+02 0.1378E+02 0.1355E+02 0.1337E+02 0.1392E+02 0.1400E+02 0.1409E+02 0.1404E+02 0.1432E+02 0.1336E+02
0.1541E+02 0.1642E+02 0.1589E+02 0.1442E+02 0.1488E+02 0.1496E+02 0.1462E+02 0.1507E+02 0.1930E+02 0.1818E+02 0.1790E+02 0.1785E+02 0.1740E+02 0.1742E+02 0.1427E+02 0.1297E+02 0.1376E+02 0.1754E+02 0.1570E+02 0.1333E+02 0.1413E+02 0.1440E+02 0.1475E+02 0.1578E+02 0.1815E+02 0.1812E+02 0.1876E+02 0.1921E+02 0.1821E+02 0.1927E+02 0.2674E+02 0.2743E+02 0.2033E+02 0.1733E+02 0.1643E+02 0.1478E+02 0.1449E+02 0.1466E+02 0.1399E+02 0.1427E+02 0.1399E+02 0.1402E+02 0.1494E+02 0.1402E+02 0.1342E+02 0.1345E+02 0.1350E+02 0.1377E+02 0.1342E+02 0.1363E+02 0.1365E+02 0.1374E+02 0.1383E+02 0.1481E+02 0.1496E+02 0.1364E+02
0.1772E+02 0.1858E+02 0.1704E+02 0.1578E+02 0.1598E+02 0.1675E+02 0.2131E+02 0.2039E+02 0.1511E+02 0.1363E+02 0.1301E+02 0.1316E+02 0.1375E+02 0.1326E+02 0.1252E+02 0.1243E+02 0.1233E+02 0.1261E+02 0.1631E+02 0.1763E+02 0.1771E+02 0.1798E+02 0.1850E+02 0.1955E+02 0.1685E+02 0.1810E+02 0.1819E+02 0.1895E+02 0.2165E+02 0.2255E+02 0.3027E+02 0.1847E+02 0.1635E+02 0.1538E+02 0.1504E+02 0.1488E+02 0.1491E+02 0.1451E+02 0.1429E+02 0.1394E+02 0.1397E+02 0.1426E+02 0.1417E+02 0.1484E+02 0.1372E+02 0.1385E+02 0.1336E+02 0.1371E+02 0.1392E+02 0.1376E+02 0.1372E+02 0.1374E+02 0.1388E+02 0.1392E+02 0.1452E+02 0.1428E+02
0.1979E+02 0.1779E+02 0.1672E+02 0.1669E+02 0.2165E+02 0.2139E+02 0.1595E+02 0.1523E+02 0.1463E+02 0.1310E+02 0.1369E+02 0.1359E+02 0.1354E+02 0.1222E+02 0.1226E+02 0.1215E+02 0.1205E+02 0.1349E+02 0.1358E+02 0.1374E+02 0.1389E+02 0.1404E+02 0.1458E+02 0.1574E+02 0.1902E+02 0.1989E+02 0.2261E+02 0.2361E+02 0.2098E+02 0.1790E+02 0.2427E+02 0.1699E+02 0.1546E+02 0.1498E+02 0.1452E+02 0.1397E+02 0.1369E+02 0.1385E+02 0.1466E+02 0.1399E+02 0.1383E+02 0.1393E+02 0.1460E+02 0.1489E+02 0.1472E+02 0.1404E+02 0.1400E+02 0.1376E+02 0.1392E+02 0.1388E+02 0.1378E+02 0.1406E+02 0.1376E+02 0.1371E+02 0.1381E+02 0.1537E+02
0.2324E+02 0.2344E+02 0.2113E+02 0.2178E+02 0.1688E+02 0.1586E+02 0.1507E+02 0.1502E+02 0.1423E+02 0.1397E+02 0.1374E+02 0.1358E+02 0.1219E+02 0.1221E+02 0.1218E+02 0.1207E+02 0.1223E+02 0.1225E+02 0.1234E+02 0.1223E+02 0.1361E+02 0.1377E+02 0.1412E+02 0.1415E+02 0.1449E+02 0.1421E+02 0.1581E+02 0.1622E+02 0.1730E+02 0.1745E+02 0.2419E+02 0.1672E+02 0.1538E+02 0.1509E+02 0.1431E+02 0.1408E+02 0.1399E+02 0.1415E+02 0.1489E+02 0.1403E+02 0.1394E+02 0.1437E+02 0.1503E+02 0.1506E+02 0.1591E+02 0.1467E+02 0.1438E+02 0.1396E+02 0.1398E+02 0.1465E+02 0.1396E+02 0.1419E+02 0.1383E+02 0.1385E+02 0.1388E+02 0.1523E+02
0.1815E+02 0.1733E+02 0.1651E+02 0.1617E+02 0.1570E+02 0.1541E+02 0.1513E+02 0.1498E+02 0.1439E+02 0.1403E+02 0.1379E+02 0.1362E+02 0.1345E+02 0.1335E+02 0.1331E+02 0.1333E+02 0.1201E+02 0.1223E+02 0.1226E+02 0.1242E+02 0.1359E+02 0.1413E+02 0.1378E+02 0.1394E+02 0.1416E+02 0.1374E+02 0.1654E+02 0.1494E+02 0.1585E+02 0.1991E+02 0.2315E+02 0.1595E+02 0.1510E+02 0.1438E+02 0.1416E+02 0.1401E+02 0.1397E+02 0.1401E+02 0.1493E+02 0.1402E+02 0.1425E+02 0.1513E+02 0.1678E+02 0.1619E+02 0.1527E+02 0.1460E+02 0.1417E+02 0.1363E+02 0.1378E+02 0.1406E+02 0.1428E+02 0.1347E+02 0.1324E+02 0.1365E+02 0.1368E+02 0.1440E+02
0.1829E+02 0.1665E+02 0.1631E+02 0.1585E+02 0.1563E+02 0.1522E+02 0.1500E+02 0.1492E+02 0.1463E+02 0.1395E+02 0.1353E+02 0.1385E+02 0.1248E+02 0.1288E+02 0.1208E+02 0.1223E+02 0.1212E+02 0.1209E+02 0.1217E+02 0.1342E+02 0.1364E+02 0.1392E+02 0.1376E+02 0.1385E+02 0.1420E+02 0.1455E+02 0.1571E+02 0.1580E+02 0.1658E+02 0.2200E+02 0.1534E+02 0.1624E+02 0.1489E+02 0.1424E+02 0.1408E+02 0.1392E+02 0.1383E+02 0.1380E+02 0.1391E+02 0.1483E+02 0.1540E+02 0.1600E+02 0.1825E+02 0.1865E+02 0.1577E+02 0.1491E+02 0.1443E+02 0.1413E+02 0.1371E+02 0.1342E+02 0.1440E+02 0.1392E+02 0.1304E+02 0.1384E+02 0.1381E+02 0.1479E+02
0.2024E+02 0.1813E+02 0.1609E+02 0.1555E+02 0.1551E+02 0.1509E+02 0.1499E+02 0.1466E+02 0.1443E+02 0.1401E+02 0.1390E+02 0.1411E+02 0.1305E+02 0.1236E+02 0.1219E+02 0.1208E+02 0.1210E+02 0.1220E+02 0.1344E+02 0.1360E+02 0.1369E+02 0.1396E+02 0.1374E+02 0.1390E+02 0.1418E+02 0.1446E+02 0.1544E+02 0.1757E+02 0.2184E+02 0.1565E+02 0.1481E+02 0.1585E+02 0.1476E+02 0.1428E+02 0.1381E+02 0.1384E+02 0.1369E+02 0.1372E+02 0.1395E+02 0.1428E+02 0.1451E+02 0.1643E+02 0.1970E+02 0.1803E+02 0.1670E+02 0.1528E+02 0.1550E+02 0.1496E+02 0.1410E+02 0.1431E+02 0.1447E+02 0.1360E+02 0.1381E+02 0.1300E+02 0.1303E+02 0.1325E+02
0.1851E+02 0.1764E+02 0.1608E+02 0.1585E+02 0.1563E+02 0.1540E+02 0.1530E+02 0.1459E+02 0.1456E+02 0.1445E+02 0.1408E+02 0.1416E+02 0.1367E+02 0.1254E+02 0.1231E+02 0.1239E+02 0.1222E+02 0.1224E+02 0.1292E+02 0.1364E+02 0.1418E+02 0.1395E+02 0.1385E+02 0.1407E+02 0.1422E+02 0.1489E+02 0.1916E+02 0.1973E+02 0.1510E+02 0.1514E+02 0.1403E+02 0.1608E+02 0.1531E+02 0.1420E+02 0.1398E+02 0.1388E+02 0.1386E+02 0.1402E+02 0.1386E+02 0.1427E+02 0.1443E+02 0.1554E+02 0.1731E+02 0.1790E+02 0.1669E+02 0.1590E+02 0.1581E+02 0.1482E+02 0.1357E+02 0.1354E+02 0.1318E+02 0.1384E+02 0.1381E+02 0.1300E+02 0.1296E+02 0.1331E+02
0.1772E+02 0.1628E+02 0.1576E+02 0.1534E+02 0.1518E+02 0.1508E+02 0.1491E+02 0.1490E+02 0.1467E+02 0.1457E+02 0.1440E+02 0.1415E+02 0.1423E+02 0.1285E+02 0.1262E+02 0.1283E+02 0.1380E+02 0.1383E+02 0.1385E+02 0.1395E+02 0.1422E+02 0.1323E+02 0.1301E+02 0.1406E+02 0.1453E+02 0.1893E+02 0.1793E+02 0.1494E+02 0.1446E+02 0.1468E+02 0.1458E+02 0.1431E+02 0.1516E+02 0.1507E+02 0.1441E+02 0.1413E+02 0.1398E+02 0.1363E+02 0.1398E+02 0.1433E+02 0.1506E+02 0.1610E+02 0.1700E+02 0.1814E+02 0.1587E+02 0.1520E+02 0.1434E+02 0.1372E+02 0.1446E+02 0.1385E+02 0.1336E+02 0.1320E+02 0.1329E+02 0.1371E+02 0.1335E+02 0.1318E+02
0.1679E+02 0.1664E+02 0.1593E+02 0.1558E+02 0.1511E+02 0.1482E+02 0.1435E+02 0.1407E+02 0.1436E+02 0.1488E+02 0.1439E+02 0.1408E+02 0.1397E+02 0.1418E+02 0.1363E+02 0.1263E+02 0.1226E+02 0.1362E+02 0.1353E+02 0.1316E+02 0.1421E+02 0.1380E+02 0.1401E+02 0.1435E+02 0.1495E+02 0.2070E+02 0.1526E+02 0.1460E+02 0.1438E+02 0.1390E+02 0.1564E+02 0.1441E+02 0.1514E+02 0.1537E+02 0.1527E+02 0.1452E+02 0.1442E+02 0.1418E+02 0.1428E+02 0.1463E+02 0.1655E+02 0.1469E+02 0.1473E+02 0.1539E+02 0.1466E+02 0.1424E+02 0.1395E+02 0.1372E+02 0.1375E+02 0.1500E+02 0.1394E+02 0.1442E+02 0.1354E+02 0.1325E+02 0.1328E+02 0.1318E+02
0.2055E+02 0.1712E+02 0.1642E+02 0.1564E+02 0.1448E+02 0.1387E+02 0.1440E+02 0.1322E+02 0.1409E+02 0.1399E+02 0.1412E+02 0.1413E+02 0.1434E+02 0.1461E+02 0.1387E+02 0.1255E+02 0.1341E+02 0.1380E+02 0.1364E+02 0.1379E+02 0.1299E+02 0.1371E+02 0.1406E+02 0.1434E+02 0.1506E+02 0.2133E+02 0.1531E+02 0.1439E+02 0.1429E+02 0.1427E+02 0.1341E+02 0.1376E+02 0.1582E+02 0.1653E+02 0.1562E+02 0.1463E+02 0.1376E+02 0.1373E+02 0.1427E+02 0.1500E+02 0.1541E+02 0.1436E+02 0.1421E+02 0.1462E+02 0.1490E+02 0.1417E+02 0.1388E+02 0.1371E+02 0.1413E+02 0.1493E+02 0.1565E+02 0.1441E+02 0.1387E+02 0.1384E+02 0.1361E+02 0.1337E+02
0.1823E+02 0.1951E+02 0.1696E+02 0.1520E+02 0.1503E+02 0.1493E+02 0.1357E+02 0.1327E+02 0.1452E+02 0.1428E+02 0.1392E+02 0.1374E+02 0.1319E+02 0.1467E+02 0.1265E+02 0.1369E+02 0.1406E+02 0.1382E+02 0.1391E+02 0.1292E+02 0.1326E+02 0.1303E+02 0.1414E+02 0.1442E+02 0.1520E+02 0.2135E+02 0.1533E+02 0.1451E+02 0.1435E+02 0.1425E+02 0.1415E+02 0.1438E+02 0.1542E+02 0.1558E+02 0.1427E+02 0.1531E+02 0.1388E+02 0.1391E+02 0.1445E+02 0.1631E+02 0.1552E+02 0.1486E+02 0.1464E+02 0.1467E+02 0.1483E+02 0.1390E+02 0.1432E+02 0.1390E+02 0.1361E+02 0.1370E+02 0.1412E+02 0.1331E+02 0.1328E+02 0.1331E+02 0.1308E+02 0.1317E+02
0.1719E+02 0.2097E+02 0.1804E+02 0.1667E+02 0.1539E+02 0.1505E+02 0.1400E+02 0.1364E+02 0.1444E+02 0.1434E+02 0.1504E+02 0.1418E+02 0.1419E+02 0.1307E+02 0.1404E+02 0.1409E+02 0.1405E+02 0.1292E+02 0.1295E+02 0.1323E+02 0.1332E+02 0.1366E+02 0.1445E+02 0.1473E+02 0.1533E+02 0.2146E+02 0.1557E+02 0.1357E+02 0.1437E+02 0.1320E+02 0.1425E+02 0.1434E+02 0.1432E+02 0.1430E+02 0.1464E+02 0.1460E+02 0.1412E+02 0.1435E+02 0.1469E+02 0.1692E+02 0.1526E+02 0.1434E+02 0.1425E+02 0.1415E+02 0.1482E+02 0.1428E+02 0.1411E+02 0.1402E+02 0.1361E+02 0.1357E+02 0.1399E+02 0.1324E+02 0.1341E+02 0.1350E+02 0.1327E+02 0.1317E+02
0.1730E+02 0.2142E+02 0.1797E+02 0.1709E+02 0.1538E+02 0.1554E+02 0.1481E+02 0.1414E+02 0.1411E+02 0.1482E+02 0.1427E+02 0.1334E+02 0.1412E+02 0.1300E+02 0.1419E+02 0.1421E+02 0.1354E+02 0.1318E+02 0.1326E+02 0.1335E+02 0.1350E+02 0.1455E+02 0.1477E+02 0.1415E+02 0.1538E+02 0.2244E+02 0.1513E+02 0.1472E+02 0.1449E+02 0.1306E+02 0.1430E+02 0.1427E+02 0.1431E+02 0.1434E+02 0.1469E+02 0.1447E+02 0.1392E+02 0.1434E+02 0.1544E+02 0.1509E+02 0.1487E+02 0.1433E+02 0.1437E+02 0.1459E+02 0.1487E+02 0.1407E+02 0.1391E+02 0.1382E+02 0.1379E+02 0.1370E+02 0.1418E+02 0.1369E+02 0.1359E+02 0.1336E+02 0.1320E+02 0.1329E+02
0.1712E+02 0.1936E+02 0.1975E+02 0.1702E+02 0.1612E+02 0.1477E+02 0.1455E+02 0.1506E+02 0.1539E+02 0.1418E+02 0.1319E+02 0.1326E+02 0.1341E+02 0.1352E+02 0.1444E+02 0.1313E+02 0.1347E+02 0.1337E+02 0.1352E+02 0.1355E+02 0.1363E+02 0.1391E+02 0.1419E+02 0.1447E+02 0.1569E+02 0.2145E+02 0.1568E+02 0.1490E+02 0.1461E+02 0.1451E+02 0.1442E+02 0.1433E+02 0.1436E+02 0.1445E+02 0.1449E+02 0.1528E+02 0.1449E+02 0.1496E+02 0.1569E+02 0.1502E+02 0.1448E+02 0.1552E+02 0.1474E+02 0.1432E+02 0.1461E+02 0.1381E+02 0.1391E+02 0.1375E+02 0.1371E+02 0.1388E+02 0.1442E+02 0.1376E+02 0.1372E+02 0.1336E+02 0.1326E+02 0.1323E+02
0.1687E+02 0.1769E+02 0.2195E+02 0.1737E+02 0.1629E+02 0.1526E+02 0.1590E+02 0.1635E+02 0.1406E+02 0.1383E+02 0.1341E+02 0.1335E+02 0.1340E+02 0.1378E+02 0.1475E+02 0.1395E+02 0.1378E+02 0.1368E+02 0.1390E+02 0.1373E+02 0.1426E+02 0.1460E+02 0.1488E+02 0.1547E+02 0.2101E+02 0.1866E+02 0.1480E+02 0.1502E+02 0.1474E+02 0.1451E+02 0.1448E+02 0.1451E+02 0.1454E+02 0.1458E+02 0.1474E+02 0.1666E+02 0.1680E+02 0.1627E+02 0.1517E+02 0.1457E+02 0.1460E+02 0.1463E+02 0.1454E+02 0.1444E+02 0.1479E+02 0.1418E+02 0.1390E+02 0.1380E+02 0.1383E+02 0.1432E+02 0.1537E+02 0.1400E+02 0.1378E+02 0.1348E+02 0.1351E+02 0.1348E+02
0.1843E+02 0.1840E+02 0.2211E+02 0.1779E+02 0.1895E+02 0.1855E+02 0.1899E+02 0.1640E+02 0.1451E+02 0.1415E+02 0.1385E+02 0.1498E+02 0.1469E+02 0.1491E+02 0.1500E+02 0.1440E+02 0.1429E+02 0.1431E+02 0.1535E+02 0.1436E+02 0.1470E+02 0.1479E+02 0.1526E+02 0.1628E+02 0.2354E+02 0.1558E+02 0.1435E+02 0.1394E+02 0.1397E+02 0.1387E+02 0.1339E+02 0.1469E+02 0.1473E+02 0.1476E+02 0.1504E+02 0.1726E+02 0.1821E+02 0.1570E+02 0.1478E+02 0.1462E+02 0.1446E+02 0.1436E+02 0.1421E+02 0.1430E+02 0.1472E+02 0.1424E+02 0.1402E+02 0.1393E+02 0.1396E+02 0.1424E+02 0.1599E+02 0.1399E+02 0.1357E+02 0.1334E+02 0.1357E+02 0.1366E+02
0.2061E+02 0.2029E+02 0.2314E+02 0.1969E+02 0.2059E+02 0.2014E+02 0.2053E+02 0.1871E+02 0.1543E+02 0.1520E+02 0.1466E+02 0.1538E+02 0.1546E+02 0.1473E+02 0.1449E+02 0.1508E+02 0.1523E+02 0.1513E+02 0.1639E+02 0.1537E+02 0.1520E+02 0.1641E+02 0.1575E+02 0.1652E+02 0.2342E+02 0.1657E+02 0.1486E+02 0.1444E+02 0.1422E+02 0.1469E+02 0.1498E+02 0.1494E+02 0.1491E+02 0.1494E+02 0.1517E+02 0.1664E+02 0.1705E+02 0.1508E+02 0.1477E+02 0.1442E+02 0.1464E+02 0.1429E+02 0.1439E+02 0.1468E+02 0.1465E+02 0.1429E+02 0.1421E+02 0.1417E+02 0.1427E+02 0.1456E+02 0.1446E+02 0.1405E+02 0.1369E+02 0.1340E+02 0.1414E+02 0.1417E+02
0.2724E+02 0.2630E+02 0.2369E+02 0.2080E+02 0.2070E+02 0.1997E+02 0.2087E+02 0.1738E+02 0.1605E+02 0.1514E+02 0.1609E+02 0.1587E+02 0.1676E+02 0.1690E+02 0.1698E+02 0.1614E+02 0.1685E+02 0.1797E+02 0.2298E+02 0.2029E+02 0.1779E+02 0.1849E+02 0.1723E+02 0.1787E+02 0.2364E+02 0.1577E+02 0.1555E+02 0.1469E+02 0.1415E+02 0.1399E+02 0.1395E+02 0.1519E+02 0.1509E+02 0.1526E+02 0.1566E+02 0.1688E+02 0.1741E+02 0.1552E+02 0.1492E+02 0.1473E+02 0.1476E+02 0.1441E+02 0.1457E+02 0.1505E+02 0.1438E+02 0.1409E+02 0.1420E+02 0.1416E+02 0.1451E+02 0.1531E+02 0.1433E+02 0.1423E+02 0.1420E+02 0.1384E+02 0.1420E+02 0.1391E+02
0.2106E+02 0.1951E+02 0.2675E+02 0.2223E+02 0.2339E+02 0.2055E+02 0.2016E+02 0.1732E+02 0.1679E+02 0.1947E+02 0.2171E+02 0.2110E+02 0.2124E+02 0.2133E+02 0.2198E+02 0.2348E+02 0.2763E+02 0.2641E+02 0.1996E+02 0.2250E+02 0.2566E+02 0.2569E+02 0.2083E+02 0.2407E+02 0.1862E+02 0.1719E+02 0.1641E+02 0.1544E+02 0.1541E+02 0.1449E+02 0.1465E+02 0.1462E+02 0.1578E+02 0.1600E+02 0.1565E+02 0.1669E+02 0.1553E+02 0.1632E+02 0.1649E+02 0.1476E+02 0.1494E+02 0.1459E+02 0.1437E+02 0.1434E+02 0.1450E+02 0.1427E+02 0.1412E+02 0.1422E+02 0.1438E+02 0.1486E+02 0.1451E+02 0.1422E+02 0.1425E+02 0.1448E+02 0.1413E+02 0.1390E+02
0.1713E+02 0.1692E+02 0.1750E+02 0.2154E+02 0.2412E+02 0.2624E+02 0.2423E+02 0.2188E+02 0.2184E+02 0.1821E+02 0.1529E+02 0.1618E+02 0.1634E+02 0.1599E+02 0.1667E+02 0.1841E+02 0.2491E+02 0.1809E+02 0.1725E+02 0.1704E+02 0.1743E+02 0.1794E+02 0.2365E+02 0.2837E+02 0.2449E+02 0.1930E+02 0.1727E+02 0.1669E+02 0.1610E+02 0.1593E+02 0.1521E+02 0.1698E+02 0.1793E+02 0.1791E+02 0.1640E+02 0.1518E+02 0.1503E+02 0.1563E+02 0.1753E+02 0.1652E+02 0.1498E+02 0.1483E+02 0.1411E+02 0.1465E+02 0.1480E+02 0.1426E+02 0.1443E+02 0.1440E+02 0.1456E+02 0.1492E+02 0.1476E+02 0.1453E+02 0.1526E+02 0.1568E+02 0.1418E+02 0.1428E+02
0.1646E+02 0.1600E+02 0.1632E+02 0.1666E+02 0.1736E+02 0.1920E+02 0.1923E+02 0.1738E+02 0.1624E+02 0.1602E+02 0.1585E+02 0.1588E+02 0.1528E+02 0.1617E+02 0.1809E+02 0.2120E+02 0.2063E+02 0.1674E+02 0.1775E+02 0.1686E+02 0.1797E+02 0.1813E+02 0.2030E+02 0.2056E+02 0.2141E+02 0.2456E+02 0.1939E+02 0.1834E+02 0.1683E+02 0.1686E+02 0.1817E+02 0.1929E+02 0.1676E+02 0.1530E+02 0.1558E+02 0.1524E+02 0.1534E+02 0.1631E+02 0.1665E+02 0.1582E+02 0.1542E+02 0.1495E+02 0.1505E+02 0.1495E+02 0.1517E+02 0.1552E+02 0.1487E+02 0.1465E+02 0.1480E+02 0.1503E+02 0.1563E+02 0.1497E+02 0.1670E+02 0.1611E+02 0.1475E+02 0.1491E+02
0.1633E+02 0.1581E+02 0.1578E+02 0.1592E+02 0.1644E+02 0.1770E+02 0.1905E+02 0.1744E+02 0.1619E+02 0.1590E+02 0.1543E+02 0.1570E+02 0.1628E+02 0.1765E+02 0.2348E+02 0.2166E+02 0.1715E+02 0.1755E+02 0.1726E+02 0.1679E+02 0.1978E+02 0.1933E+02 0.2077E+02 0.2114E+02 0.2141E+02 0.2518E+02 0.2122E+02 0.2095E+02 0.1884E+02 0.2012E+02 0.1890E+02 0.1790E+02 0.1571E+02 0.1599E+02 0.1620E+02 0.1617E+02 0.1627E+02 0.1555E+02 0.1628E+02 0.1468E+02 0.1459E+02 0.1457E+02 0.1453E+02 0.1508E+02 0.1567E+02 0.1520E+02 0.1473E+02 0.1501E+02 0.1479E+02 0.1509E+02 0.1512E+02 0.1496E+02 0.1524E+02 0.1458E+02 0.1435E+02 0.1406E+02
