Data/conc_no2_2016/conc_no2_2016.asc
NCOLS          280
NROWS          320
XLLCORNER            0
YLLCORNER       300000
CELLSIZE         1000
NODATA_VALUE  -0.9990E+03
[rows 125 to 149 of 320, columns 168 to 223 of 280]
0.1289E+02 0.1273E+02 0.1248E+02 0.1248E+02 0.1280E+02 0.1277E+02 0.1236E+02 0.1231E+02 0.1322E+02 0.1283E+02 0.1244E+02 0.1239E+02 0.1265E+02 0.1266E+02 0.1273E+02 0.1254E+02 0.1326E+02 0.1411E+02 0.1314E+02 0.1418E+02 0.1347E+02 0.1321E+02 0.1322E+02 0.1356E+02 0.1466E+02 0.1768E+02 0.1518E+02 0.1294E+02 0.1314E+02 0.1551E+02 0.1559E+02 0.1342E+02 0.1342E+02 0.1414E+02 0.1357E+02 0.1351E+02 0.1365E+02 0.1319E+02 0.1353E+02 0.1301E+02 0.1282E+02 0.1310E+02 0.1336E+02 0.1324E+02 0.1434E+02 0.1447E+02 0.1327E+02 0.1301E+02 0.1307E+02 0.1275E+02 0.1275E+02 0.1320E+02 0.1262E+02 0.1256E+02 0.1256E+02 0.1270E+02
0.1315E+02 0.1286E+02 0.1273E+02 0.1305E+02 0.1279E+02 0.1260E+02 0.1260E+02 0.1307E+02 0.1248E+02 0.1256E+02 0.1262E+02 0.1282E+02 0.1264E+02 0.1296E+02 0.1245E+02 0.1291E+02 0.1309E+02 0.1329E+02 0.1312E+02 0.1345E+02 0.1332E+02 0.1301E+02 0.1353E+02 0.1652E+02 0.1666E+02 0.1336E+02 0.1265E+02 0.1266E+02 0.1325E+02 0.1757E+02 0.1378E+02 0.1334E+02 0.1348E+02 0.1451E+02 0.1381E+02 0.1363E+02 0.1350E+02 0.1357E+02 0.1358E+02 0.1306E+02 0.1294E+02 0.1288E+02 0.1302E+02 0.1290E+02 0.1355E+02 0.1429E+02 0.1280E+02 0.1261E+02 0.1261E+02 0.1267E+02 0.1274E+02 0.1333E+02 0.1275E+02 0.1256E+02 0.1269E+02 0.1249E+02
0.1474E+02 0.1329E+02 0.1335E+02 0.1335E+02 0.1284E+02 0.1310E+02 0.1310E+02 0.1232E+02 0.1214E+02 0.1227E+02 0.1254E+02 0.1300E+02 0.1261E+02 0.1204E+02 0.1252E+02 0.1285E+02 0.1383E+02 0.1288E+02 0.1302E+02 0.1329E+02 0.1541E+02 0.1409E+02 0.1781E+02 0.1468E+02 0.1288E+02 0.1237E+02 0.1243E+02 0.1257E+02 0.1304E+02 0.1761E+02 0.1377E+02 0.1338E+02 0.1378E+02 0.1379E+02 0.1386E+02 0.1367E+02 0.1342E+02 0.1363E+02 0.1408E+02 0.1305E+02 0.1300E+02 0.1300E+02 0.1307E+02 0.1276E+02 0.1303E+02 0.1464E+02 0.1284E+02 0.1298E+02 0.1305E+02 0.1300E+02 0.1345E+02 0.1326E+02 0.1287E+02 0.1293E+02 0.1274E+02 0.1255E+02
0.1507E+02 0.1363E+02 0.1313E+02 0.1313E+02 0.1371E+02 0.1301E+02 0.1255E+02 0.1237E+02 0.1250E+02 0.1225E+02 0.1218E+02 0.1219E+02 0.1207E+02 0.1247E+02 0.1268E+02 0.1360E+02 0.1304E+02 0.1285E+02 0.1293E+02 0.1365E+02 0.1590E+02 0.1845E+02 0.1345E+02 0.1246E+02 0.1220E+02 0.1221E+02 0.1235E+02 0.1255E+02 0.1354E+02 0.1778E+02 0.1401E+02 0.1350E+02 0.1395E+02 0.1396E+02 0.1378E+02 0.1366E+02 0.1348E+02 0.1374E+02 0.1362E+02 0.1311E+02 0.1312E+02 0.1292E+02 0.1293E+02 0.1288E+02 0.1302E+02 0.1328E+02 0.1477E+02 0.1330E+02 0.1318E+02 0.1350E+02 0.1441E+02 0.1331E+02 0.1312E+02 0.1351E+02 0.1293E+02 0.1255E+02
0.1721E+02 0.1365E+02 0.1276E+02 0.1335E+02 0.1291E+02 0.1272E+02 0.1278E+02 0.1247E+02 0.1201E+02 0.1189E+02 0.1190E+02 0.1216E+02 0.1256E+02 0.1283E+02 0.1317E+02 0.1337E+02 0.1293E+02 0.1282E+02 0.1341E+02 0.1534E+02 0.1650E+02 0.1386E+02 0.1249E+02 0.1211E+02 0.1212E+02 0.1213E+02 0.1272E+02 0.1305E+02 0.1358E+02 0.1770E+02 0.1456E+02 0.1464E+02 0.1465E+02 0.1415E+02 0.1383E+02 0.1371E+02 0.1372E+02 0.1405E+02 0.1361E+02 0.1323E+02 0.1298E+02 0.1298E+02 0.1318E+02 0.1313E+02 0.1307E+02 0.1334E+02 0.1457E+02 0.1451E+02 0.1439E+02 0.1408E+02 0.1331E+02 0.1306E+02 0.1299E+02 0.1281E+02 0.1305E+02 0.1260E+02
0.1403E+02 0.1296E+02 0.1323E+02 0.1344E+02 0.1293E+02 0.1287E+02 0.1230E+02 0.1218E+02 0.1198E+02 0.1206E+02 0.1239E+02 0.1266E+02 0.1280E+02 0.1287E+02 0.1346E+02 0.1328E+02 0.1278E+02 0.1350E+02 0.1692E+02 0.1523E+02 0.1216E+02 0.1191E+02 0.1284E+02 0.1202E+02 0.1275E+02 0.1282E+02 0.1289E+02 0.1297E+02 0.1369E+02 0.1823E+02 0.1537E+02 0.1620E+02 0.1431E+02 0.1406E+02 0.1394E+02 0.1382E+02 0.1383E+02 0.1461E+02 0.1392E+02 0.1309E+02 0.1309E+02 0.1316E+02 0.1317E+02 0.1318E+02 0.1326E+02 0.1366E+02 0.1469E+02 0.1553E+02 0.1572E+02 0.1369E+02 0.1376E+02 0.1350E+02 0.1325E+02 0.1306E+02 0.1314E+02 0.1288E+02
0.1631E+02 0.1348E+02 0.1312E+02 0.1333E+02 0.1308E+02 0.1258E+02 0.1240E+02 0.1227E+02 0.1241E+02 0.1261E+02 0.1275E+02 0.1296E+02 0.1297E+02 0.1470E+02 0.1516E+02 0.1472E+02 0.1499E+02 0.1712E+02 0.1241E+02 0.1199E+02 0.1180E+02 0.1189E+02 0.1236E+02 0.1251E+02 0.1253E+02 0.1254E+02 0.1294E+02 0.1295E+02 0.1328E+02 0.1796E+02 0.1636E+02 0.1612E+02 0.1422E+02 0.1404E+02 0.1399E+02 0.1380E+02 0.1381E+02 0.1523E+02 0.1448E+02 0.1365E+02 0.1385E+02 0.1380E+02 0.1342E+02 0.1421E+02 0.1402E+02 0.1358E+02 0.1494E+02 0.1546E+02 0.1540E+02 0.1483E+02 0.1465E+02 0.1460E+02 0.1344E+02 0.1319E+02 0.1327E+02 0.1307E+02
0.1405E+02 0.1640E+02 0.1409E+02 0.1373E+02 0.1303E+02 0.1293E+02 0.1307E+02 0.1302E+02 0.1283E+02 0.1284E+02 0.1298E+02 0.1325E+02 0.1485E+02 0.1643E+02 0.1538E+02 0.1438E+02 0.1801E+02 0.1328E+02 0.1219E+02 0.1170E+02 0.1158E+02 0.1238E+02 0.1253E+02 0.1274E+02 0.1263E+02 0.1265E+02 0.1286E+02 0.1321E+02 0.1336E+02 0.1475E+02 0.2020E+02 0.1510E+02 0.1441E+02 0.1410E+02 0.1404E+02 0.1379E+02 0.1374E+02 0.1349E+02 0.1350E+02 0.1325E+02 0.1320E+02 0.1392E+02 0.1380E+02 0.1323E+02 0.1317E+02 0.1338E+02 0.1390E+02 0.1411E+02 0.1341E+02 0.1361E+02 0.1310E+02 0.1317E+02 0.1434E+02 0.1435E+02 0.1435E+02 0.1449E+02
0.1388E+02 0.1516E+02 0.1774E+02 0.1432E+02 0.1503E+02 0.1391E+02 0.1374E+02 0.1343E+02 0.1305E+02 0.1332E+02 0.1378E+02 0.1366E+02 0.1513E+02 0.1842E+02 0.1820E+02 0.1760E+02 0.1381E+02 0.1273E+02 0.1274E+02 0.1167E+02 0.1169E+02 0.1242E+02 0.1250E+02 0.1285E+02 0.1274E+02 0.1288E+02 0.1316E+02 0.1369E+02 0.1371E+02 0.1494E+02 0.1936E+02 0.1479E+02 0.1426E+02 0.1382E+02 0.1383E+02 0.1345E+02 0.1392E+02 0.1342E+02 0.1323E+02 0.1337E+02 0.1332E+02 0.1346E+02 0.1321E+02 0.1289E+02 0.1329E+02 0.1351E+02 0.1487E+02 0.1359E+02 0.1333E+02 0.1315E+02 0.1251E+02 0.1265E+02 0.1298E+02 0.1318E+02 0.1345E+02 0.1294E+02
0.1363E+02 0.1373E+02 0.1533E+02 0.1801E+02 0.1729E+02 0.1476E+02 0.1452E+02 0.1415E+02 0.1384E+02 0.1417E+02 0.1495E+02 0.1819E+02 0.1673E+02 0.1326E+02 0.1347E+02 0.1287E+02 0.1262E+02 0.1244E+02 0.1239E+02 0.1268E+02 0.1270E+02 0.1271E+02 0.1280E+02 0.1275E+02 0.1271E+02 0.1292E+02 0.1327E+02 0.1463E+02 0.1414E+02 0.1511E+02 0.1958E+02 0.1452E+02 0.1416E+02 0.1360E+02 0.1336E+02 0.1370E+02 0.1397E+02 0.1333E+02 0.1335E+02 0.1317E+02 0.1324E+02 0.1319E+02 0.1326E+02 0.1321E+02 0.1342E+02 0.1408E+02 0.1383E+02 0.1410E+02 0.1288E+02 0.1334E+02 0.1296E+02 0.1283E+02 0.1284E+02 0.1292E+02 0.1273E+02 0.1286E+02
0.1352E+02 0.1393E+02 0.1653E+02 0.1875E+02 0.1822E+02 0.1541E+02 0.1466E+02 0.1462E+02 0.1507E+02 0.1825E+02 0.1710E+02 0.1282E+02 0.1297E+02 0.1285E+02 0.1307E+02 0.1251E+02 0.1246E+02 0.1234E+02 0.1236E+02 0.1239E+02 0.1228E+02 0.1243E+02 0.1252E+02 0.1194E+02 0.1235E+02 0.1296E+02 0.1515E+02 0.1656E+02 0.1558E+02 0.1942E+02 0.1600E+02 0.1431E+02 0.1394E+02 0.1339E+02 0.1335E+02 0.1376E+02 0.1423E+02 0.1322E+02 0.1320E+02 0.1308E+02 0.1310E+02 0.1318E+02 0.1312E+02 0.1379E+02 0.1361E+02 0.1342E+02 0.1343E+02 0.1402E+02 0.1332E+02 0.1294E+02 0.1302E+02 0.1303E+02 0.1265E+02 0.1279E+02 0.1233E+02 0.1273E+02
0.1455E+02 0.1534E+02 0.1886E+02 0.1791E+02 0.2145E+02 0.1911E+02 0.1822E+02 0.1794E+02 0.1660E+02 0.1282E+02 0.1244E+02 0.1285E+02 0.1273E+02 0.1187E+02 0.1285E+02 0.1260E+02 0.1243E+02 0.1237E+02 0.1241E+02 0.1230E+02 0.1232E+02 0.1149E+02 0.1164E+02 0.1244E+02 0.1227E+02 0.1287E+02 0.1367E+02 0.1591E+02 0.1555E+02 0.2012E+02 0.1490E+02 0.1403E+02 0.1380E+02 0.1343E+02 0.1340E+02 0.1425E+02 0.1503E+02 0.1346E+02 0.1328E+02 0.1298E+02 0.1301E+02 0.1317E+02 0.1350E+02 0.1359E+02 0.1347E+02 0.1348E+02 0.1349E+02 0.1414E+02 0.1442E+02 0.1346E+02 0.1328E+02 0.1329E+02 0.1296E+02 0.1258E+02 0.1298E+02 0.1234E+02
0.2038E+02 0.1981E+02 0.2137E+02 0.2039E+02 0.1697E+02 0.1437E+02 0.1299E+02 0.1359E+02 0.1335E+02 0.1304E+02 0.1287E+02 0.1275E+02 0.1260E+02 0.1163E+02 0.1255E+02 0.1153E+02 0.1213E+02 0.1234E+02 0.1244E+02 0.1240E+02 0.1229E+02 0.1237E+02 0.1239E+02 0.1248E+02 0.1217E+02 0.1258E+02 0.1307E+02 0.1411E+02 0.1471E+02 0.2045E+02 0.1501E+02 0.1414E+02 0.1403E+02 0.1360E+02 0.1357E+02 0.1417E+02 0.1342E+02 0.1383E+02 0.1308E+02 0.1310E+02 0.1299E+02 0.1307E+02 0.1348E+02 0.1351E+02 0.1339E+02 0.1347E+02 0.1342E+02 0.1369E+02 0.1402E+02 0.1397E+02 0.1417E+02 0.1399E+02 0.1322E+02 0.1271E+02 0.1311E+02 0.1286E+02
0.1565E+02 0.1643E+02 0.1657E+02 0.1566E+02 0.1423E+02 0.1478E+02 0.1359E+02 0.1329E+02 0.1312E+02 0.1300E+02 0.1283E+02 0.1273E+02 0.1171E+02 0.1166E+02 0.1187E+02 0.1149E+02 0.1158E+02 0.1244E+02 0.1241E+02 0.1243E+02 0.1245E+02 0.1162E+02 0.1164E+02 0.1206E+02 0.1235E+02 0.1263E+02 0.1342E+02 0.1466E+02 0.1450E+02 0.2031E+02 0.1517E+02 0.1406E+02 0.1395E+02 0.1358E+02 0.1348E+02 0.1395E+02 0.1341E+02 0.1310E+02 0.1299E+02 0.1322E+02 0.1330E+02 0.1306E+02 0.1366E+02 0.1343E+02 0.1338E+02 0.1339E+02 0.1348E+02 0.1375E+02 0.1337E+02 0.1351E+02 0.1353E+02 0.1360E+02 0.1413E+02 0.1369E+02 0.1305E+02 0.1286E+02
0.1598E+02 0.1545E+02 0.1523E+02 0.1556E+02 0.1394E+02 0.1372E+02 0.1387E+02 0.1338E+02 0.1314E+02 0.1309E+02 0.1294E+02 0.1283E+02 0.1187E+02 0.1169E+02 0.1196E+02 0.1159E+02 0.1141E+02 0.1240E+02 0.1245E+02 0.1247E+02 0.1255E+02 0.1218E+02 0.1259E+02 0.1282E+02 0.1297E+02 0.1286E+02 0.1391E+02 0.1464E+02 0.1497E+02 0.2041E+02 0.1521E+02 0.1416E+02 0.1393E+02 0.1363E+02 0.1353E+02 0.1387E+02 0.1351E+02 0.1341E+02 0.1318E+02 0.1320E+02 0.1335E+02 0.1351E+02 0.1398E+02 0.1367E+02 0.1357E+02 0.1352E+02 0.1379E+02 0.1361E+02 0.1350E+02 0.1364E+02 0.1352E+02 0.1359E+02 0.1347E+02 0.1368E+02 0.1330E+02 0.1298E+02
0.1500E+02 0.1566E+02 0.1617E+02 0.1725E+02 0.1428E+02 0.1443E+02 0.1421E+02 0.1353E+02 0.1336E+02 0.1294E+02 0.1245E+02 0.1240E+02 0.1223E+02 0.1282E+02 0.1213E+02 0.1254E+02 0.1157E+02 0.1237E+02 0.1242E+02 0.1257E+02 0.1252E+02 0.1261E+02 0.1277E+02 0.1279E+02 0.1229E+02 0.1303E+02 0.1363E+02 0.1448E+02 0.1508E+02 0.2067E+02 0.1532E+02 0.1439E+02 0.1404E+02 0.1380E+02 0.1370E+02 0.1386E+02 0.1382E+02 0.1359E+02 0.1367E+02 0.1363E+02 0.1359E+02 0.1349E+02 0.1460E+02 0.1424E+02 0.1375E+02 0.1377E+02 0.1378E+02 0.1380E+02 0.1394E+02 0.1376E+02 0.1358E+02 0.1353E+02 0.1354E+02 0.1355E+02 0.1394E+02 0.1376E+02
0.1458E+02 0.1573E+02 0.1607E+02 0.1597E+02 0.1418E+02 0.1338E+02 0.1256E+02 0.1381E+02 0.1320E+02 0.1277E+02 0.1273E+02 0.1230E+02 0.1219E+02 0.1279E+02 0.1402E+02 0.1269E+02 0.1252E+02 0.1250E+02 0.1252E+02 0.1254E+02 0.1256E+02 0.1271E+02 0.1274E+02 0.1289E+02 0.1245E+02 0.1326E+02 0.1532E+02 0.1503E+02 0.1581E+02 0.2119E+02 0.1568E+02 0.1450E+02 0.1408E+02 0.1416E+02 0.1368E+02 0.1410E+02 0.1431E+02 0.1408E+02 0.1429E+02 0.1471E+02 0.1377E+02 0.1457E+02 0.1471E+02 0.1492E+02 0.1406E+02 0.1395E+02 0.1390E+02 0.1398E+02 0.1393E+02 0.1382E+02 0.1364E+02 0.1390E+02 0.1373E+02 0.1387E+02 0.1382E+02 0.1428E+02
0.1422E+02 0.1361E+02 0.1339E+02 0.1442E+02 0.1344E+02 0.1332E+02 0.1246E+02 0.1327E+02 0.1297E+02 0.1268E+02 0.1276E+02 0.1245E+02 0.1228E+02 0.1236E+02 0.1316E+02 0.1273E+02 0.1255E+02 0.1253E+02 0.1262E+02 0.1257E+02 0.1266E+02 0.1275E+02 0.1264E+02 0.1286E+02 0.1269E+02 0.1451E+02 0.1567E+02 0.1430E+02 0.1541E+02 0.2081E+02 0.1540E+02 0.1479E+02 0.1432E+02 0.1427E+02 0.1417E+02 0.1446E+02 0.1435E+02 0.1432E+02 0.1467E+02 0.1557E+02 0.1459E+02 0.1442E+02 0.1451E+02 0.1510E+02 0.1418E+02 0.1401E+02 0.1396E+02 0.1417E+02 0.1367E+02 0.1394E+02 0.1396E+02 0.1416E+02 0.1430E+02 0.1419E+02 0.1491E+02 0.1498E+02
0.1387E+02 0.1357E+02 0.1468E+02 0.1381E+02 0.1339E+02 0.1323E+02 0.1280E+02 0.1272E+02 0.1281E+02 0.1405E+02 0.1292E+02 0.1307E+02 0.1231E+02 0.1227E+02 0.1261E+02 0.1275E+02 0.1258E+02 0.1269E+02 0.1272E+02 0.1267E+02 0.1276E+02 0.1285E+02 0.1294E+02 0.1245E+02 0.1286E+02 0.1353E+02 0.1438E+02 0.1435E+02 0.1570E+02 0.2108E+02 0.1525E+02 0.1471E+02 0.1417E+02 0.1419E+02 0.1403E+02 0.1431E+02 0.1510E+02 0.1531E+02 0.1685E+02 0.1750E+02 0.1634E+02 0.1561E+02 0.1532E+02 0.1585E+02 0.1454E+02 0.1451E+02 0.1453E+02 0.1429E+02 0.1430E+02 0.1381E+02 0.1395E+02 0.1524E+02 0.1532E+02 0.1533E+02 0.1452E+02 0.1453E+02
0.1515E+02 0.1414E+02 0.1529E+02 0.1384E+02 0.1342E+02 0.1331E+02 0.1321E+02 0.1327E+02 0.1264E+02 0.1279E+02 0.1313E+02 0.1264E+02 0.1266E+02 0.1281E+02 0.1334E+02 0.1285E+02 0.1274E+02 0.1272E+02 0.1275E+02 0.1271E+02 0.1279E+02 0.1295E+02 0.1303E+02 0.1326E+02 0.1290E+02 0.1414E+02 0.1404E+02 0.1482E+02 0.1972E+02 0.1726E+02 0.1548E+02 0.1463E+02 0.1433E+02 0.1430E+02 0.1433E+02 0.1442E+02 0.1508E+02 0.1587E+02 0.1763E+02 0.1815E+02 0.2066E+02 0.1748E+02 0.1712E+02 0.1740E+02 0.1611E+02 0.1475E+02 0.1477E+02 0.1447E+02 0.1538E+02 0.1470E+02 0.1452E+02 0.1486E+02 0.1475E+02 0.1489E+02 0.1477E+02 0.1524E+02
0.1651E+02 0.1642E+02 0.1626E+02 0.1383E+02 0.1345E+02 0.1327E+02 0.1323E+02 0.1323E+02 0.1325E+02 0.1244E+02 0.1240E+02 0.1338E+02 0.1295E+02 0.1348E+02 0.1312E+02 0.1295E+02 0.1286E+02 0.1288E+02 0.1291E+02 0.1287E+02 0.1290E+02 0.1298E+02 0.1314E+02 0.1265E+02 0.1326E+02 0.1425E+02 0.1439E+02 0.1512E+02 0.1776E+02 0.1985E+02 0.1584E+02 0.1498E+02 0.1463E+02 0.1453E+02 0.1450E+02 0.1465E+02 0.1513E+02 0.1573E+02 0.1762E+02 0.2020E+02 0.2093E+02 0.2001E+02 0.1779E+02 0.1726E+02 0.1617E+02 0.1518E+02 0.1565E+02 0.1592E+02 0.1627E+02 0.1646E+02 0.1648E+02 0.1644E+02 0.1651E+02 0.1609E+02 0.1629E+02 0.1682E+02
0.1456E+02 0.1577E+02 0.1542E+02 0.1393E+02 0.1366E+02 0.1337E+02 0.1326E+02 0.1332E+02 0.1334E+02 0.1234E+02 0.1243E+02 0.1354E+02 0.1311E+02 0.1275E+02 0.1199E+02 0.1195E+02 0.1193E+02 0.1240E+02 0.1178E+02 0.1303E+02 0.1306E+02 0.1315E+02 0.1331E+02 0.1353E+02 0.1316E+02 0.1453E+02 0.1488E+02 0.1579E+02 0.1755E+02 0.2218E+02 0.1612E+02 0.1521E+02 0.1492E+02 0.1495E+02 0.1467E+02 0.1482E+02 0.1555E+02 0.1602E+02 0.1729E+02 0.2048E+02 0.2104E+02 0.1922E+02 0.1984E+02 0.1860E+02 0.1746E+02 0.1699E+02 0.1733E+02 0.2210E+02 0.2231E+02 0.2354E+02 0.2281E+02 0.2289E+02 0.2308E+02 0.2292E+02 0.2270E+02 0.2279E+02
0.1440E+02 0.1424E+02 0.1426E+02 0.1371E+02 0.1367E+02 0.1371E+02 0.1362E+02 0.1360E+02 0.1382E+02 0.1295E+02 0.1348E+02 0.1255E+02 0.1353E+02 0.1291E+02 0.1216E+02 0.1192E+02 0.1319E+02 0.1308E+02 0.1208E+02 0.1256E+02 0.1335E+02 0.1332E+02 0.1353E+02 0.1375E+02 0.1423E+02 0.1609E+02 0.1808E+02 0.1847E+02 0.1691E+02 0.2169E+02 0.1654E+02 0.1563E+02 0.1554E+02 0.1557E+02 0.1528E+02 0.1700E+02 0.1678E+02 0.1625E+02 0.1715E+02 0.1859E+02 0.2196E+02 0.2570E+02 0.2335E+02 0.2413E+02 0.2318E+02 0.2361E+02 0.2387E+02 0.1765E+02 0.1536E+02 0.1494E+02 0.1495E+02 0.1510E+02 0.1506E+02 0.1488E+02 0.1502E+02 0.1492E+02
0.1443E+02 0.1446E+02 0.1455E+02 0.1382E+02 0.1346E+02 0.1337E+02 0.1243E+02 0.1351E+02 0.1303E+02 0.1388E+02 0.1256E+02 0.1239E+02 0.1280E+02 0.1359E+02 0.1232E+02 0.1202E+02 0.1329E+02 0.1338E+02 0.1366E+02 0.1375E+02 0.1384E+02 0.1406E+02 0.1409E+02 0.1430E+02 0.1477E+02 0.1852E+02 0.1788E+02 0.1894E+02 0.1726E+02 0.1930E+02 0.1957E+02 0.1661E+02 0.1564E+02 0.1523E+02 0.1551E+02 0.1729E+02 0.1701E+02 0.1803E+02 0.2148E+02 0.2711E+02 0.2510E+02 0.1748E+02 0.1601E+02 0.1510E+02 0.1505E+02 0.1508E+02 0.1499E+02 0.1463E+02 0.1389E+02 0.1392E+02 0.1400E+02 0.1407E+02 0.1409E+02 0.1404E+02 0.1413E+02 0.1459E+02
0.1422E+02 0.1418E+02 0.1453E+02 0.1398E+02 0.1374E+02 0.1373E+02 0.1347E+02 0.1361E+02 0.1414E+02 0.1295E+02 0.1286E+02 0.1268E+02 0.1309E+02 0.1406E+02 0.1402E+02 0.1388E+02 0.1383E+02 0.1386E+02 0.1345E+02 0.1340E+02 0.1362E+02 0.1372E+02 0.1412E+02 0.1497E+02 0.1650E+02 0.1904E+02 0.1816E+02 0.1801E+02 0.1877E+02 0.1807E+02 0.2162E+02 0.1671E+02 0.1625E+02 0.1634E+02 0.1705E+02 0.1776E+02 0.2004E+02 0.2627E+02 0.2417E+02 0.1659E+02 0.1562E+02 0.1533E+02 0.1549E+02 0.1482E+02 0.1390E+02 0.1405E+02 0.1396E+02 0.1392E+02 0.1375E+02 0.1378E+02 0.1385E+02 0.1368E+02 0.1344E+02 0.1391E+02 0.1400E+02 0.1407E+02
