Data/conc_no2_2016/conc_no2_2016.asc
NCOLS          280
NROWS          320
XLLCORNER            0
YLLCORNER       300000
CELLSIZE         1000
NODATA_VALUE  -0.9990E+03
[rows 175 to 199 of 320, columns 112 to 167 of 280]
0.1733E+02 0.1731E+02 0.1722E+02 0.1689E+02 0.1637E+02 0.1628E+02 0.1625E+02 0.1647E+02 0.1681E+02 0.1646E+02 0.1640E+02 0.1643E+02 0.1653E+02 0.1679E+02 0.1784E+02 0.1750E+02 0.1793E+02 0.1818E+02 0.1848E+02 0.1891E+02 0.2027E+02 0.2080E+02 0.2776E+02 0.2554E+02 0.2297E+02 0.1888E+02 0.1724E+02 0.1660E+02 0.1616E+02 0.1620E+02 0.1597E+02 0.1553E+02 0.1589E+02 0.1595E+02 0.1509E+02 0.1496E+02 0.1472E+02 0.1461E+02 0.1518E+02 0.1574E+02 0.1484E+02 0.1416E+02 0.1440E+02 0.1448E+02 0.1445E+02 0.1454E+02 0.1457E+02 0.1453E+02 0.1437E+02 0.1509E+02 0.1647E+02 0.1620E+02 0.1436E+02 0.1539E+02 0.1585E+02 0.1754E+02
0.1787E+02 0.1688E+02 0.1661E+02 0.1676E+02 0.1681E+02 0.1659E+02 0.1662E+02 0.1647E+02 0.1625E+02 0.1645E+02 0.1648E+02 0.1687E+02 0.1701E+02 0.1717E+02 0.1828E+02 0.1811E+02 0.1843E+02 0.1814E+02 0.1797E+02 0.1929E+02 0.1942E+02 0.1989E+02 0.2480E+02 0.3274E+02 0.2119E+02 0.1839E+02 0.1770E+02 0.1664E+02 0.1613E+02 0.1569E+02 0.1570E+02 0.1587E+02 0.1593E+02 0.1555E+02 0.1549E+02 0.1543E+02 0.1513E+02 0.1494E+02 0.1557E+02 0.1819E+02 0.1658E+02 0.1462E+02 0.1464E+02 0.1461E+02 0.1489E+02 0.1473E+02 0.1444E+02 0.1460E+02 0.1463E+02 0.1471E+02 0.1536E+02 0.1577E+02 0.1549E+02 0.1502E+02 0.1592E+02 0.1773E+02
0.1811E+02 0.1687E+02 0.1654E+02 0.1652E+02 0.1729E+02 0.1671E+02 0.1656E+02 0.1653E+02 0.1655E+02 0.1683E+02 0.1698E+02 0.1749E+02 0.1919E+02 0.1784E+02 0.1733E+02 0.1831E+02 0.1773E+02 0.1882E+02 0.1913E+02 0.1968E+02 0.1957E+02 0.1975E+02 0.2345E+02 0.3165E+02 0.2395E+02 0.1926E+02 0.1786E+02 0.1710E+02 0.1659E+02 0.1606E+02 0.1579E+02 0.1621E+02 0.1571E+02 0.1546E+02 0.1539E+02 0.1508E+02 0.1521E+02 0.1559E+02 0.1821E+02 0.1732E+02 0.1568E+02 0.1489E+02 0.1465E+02 0.1454E+02 0.1439E+02 0.1442E+02 0.1452E+02 0.1516E+02 0.1463E+02 0.1466E+02 0.1487E+02 0.1496E+02 0.1594E+02 0.1584E+02 0.1612E+02 0.1695E+02
0.1740E+02 0.1738E+02 0.1680E+02 0.1672E+02 0.1712E+02 0.1727E+02 0.1700E+02 0.1697E+02 0.1705E+02 0.1757E+02 0.1778E+02 0.1769E+02 0.1789E+02 0.1803E+02 0.1835E+02 0.1755E+02 0.1707E+02 0.1902E+02 0.1927E+02 0.1964E+02 0.2001E+02 0.2385E+02 0.2557E+02 0.1894E+02 0.2829E+02 0.2035E+02 0.1879E+02 0.1701E+02 0.1668E+02 0.1640E+02 0.1607E+02 0.1655E+02 0.1636E+02 0.1567E+02 0.1530E+02 0.1536E+02 0.1542E+02 0.1530E+02 0.1512E+02 0.1557E+02 0.1533E+02 0.1484E+02 0.1479E+02 0.1462E+02 0.1477E+02 0.1657E+02 0.1483E+02 0.1492E+02 0.1475E+02 0.1503E+02 0.1519E+02 0.1505E+02 0.1520E+02 0.1560E+02 0.1650E+02 0.1865E+02
0.1729E+02 0.1752E+02 0.1687E+02 0.1698E+02 0.1738E+02 0.2011E+02 0.1913E+02 0.1820E+02 0.1768E+02 0.1722E+02 0.1725E+02 0.1794E+02 0.1724E+02 0.1815E+02 0.1733E+02 0.1759E+02 0.1866E+02 0.2641E+02 0.2626E+02 0.2595E+02 0.2557E+02 0.2190E+02 0.1841E+02 0.1813E+02 0.2207E+02 0.2818E+02 0.2013E+02 0.1832E+02 0.1726E+02 0.1661E+02 0.1798E+02 0.1886E+02 0.1920E+02 0.1782E+02 0.1564E+02 0.1514E+02 0.1662E+02 0.1527E+02 0.1527E+02 0.1497E+02 0.1523E+02 0.1542E+02 0.1506E+02 0.1496E+02 0.1521E+02 0.1538E+02 0.1508E+02 0.1572E+02 0.1532E+02 0.1611E+02 0.1553E+02 0.1569E+02 0.1541E+02 0.1531E+02 0.1596E+02 0.1794E+02
0.1755E+02 0.1807E+02 0.1750E+02 0.1784E+02 0.1848E+02 0.1893E+02 0.2004E+02 0.1791E+02 0.1764E+02 0.1797E+02 0.1793E+02 0.1742E+02 0.1695E+02 0.1716E+02 0.1753E+02 0.1840E+02 0.2440E+02 0.2256E+02 0.1861E+02 0.1827E+02 0.1792E+02 0.1770E+02 0.1748E+02 0.1744E+02 0.1824E+02 0.2238E+02 0.2880E+02 0.1983E+02 0.1808E+02 0.1774E+02 0.1855E+02 0.1889E+02 0.1733E+02 0.1604E+02 0.1530E+02 0.1584E+02 0.1529E+02 0.1541E+02 0.1517E+02 0.1511E+02 0.1512E+02 0.1519E+02 0.1545E+02 0.1533E+02 0.1521E+02 0.1516E+02 0.1531E+02 0.1575E+02 0.1556E+02 0.1577E+02 0.1640E+02 0.1674E+02 0.1684E+02 0.1570E+02 0.1604E+02 0.1844E+02
0.1817E+02 0.2066E+02 0.1824E+02 0.1816E+02 0.1831E+02 0.1738E+02 0.1735E+02 0.1762E+02 0.1753E+02 0.1695E+02 0.1698E+02 0.1682E+02 0.1697E+02 0.1724E+02 0.1798E+02 0.1945E+02 0.2650E+02 0.1903E+02 0.1773E+02 0.1732E+02 0.1698E+02 0.1682E+02 0.1666E+02 0.1687E+02 0.1765E+02 0.1939E+02 0.2140E+02 0.2771E+02 0.2059E+02 0.1868E+02 0.1757E+02 0.1726E+02 0.1583E+02 0.1551E+02 0.1533E+02 0.1564E+02 0.1582E+02 0.1589E+02 0.1540E+02 0.1515E+02 0.1516E+02 0.1517E+02 0.1518E+02 0.1563E+02 0.1582E+02 0.1577E+02 0.1635E+02 0.1619E+02 0.1597E+02 0.1624E+02 0.1644E+02 0.1714E+02 0.1717E+02 0.1707E+02 0.1757E+02 0.1982E+02
0.1835E+02 0.1853E+02 0.1874E+02 0.1961E+02 0.1899E+02 0.1708E+02 0.1705E+02 0.1745E+02 0.1693E+02 0.1703E+02 0.1718E+02 0.1697E+02 0.1742E+02 0.1747E+02 0.1846E+02 0.2616E+02 0.1986E+02 0.1833E+02 0.1744E+02 0.1699E+02 0.1670E+02 0.1654E+02 0.1650E+02 0.1678E+02 0.1807E+02 0.1728E+02 0.1826E+02 0.2656E+02 0.2250E+02 0.1838E+02 0.1714E+02 0.1652E+02 0.1558E+02 0.1557E+02 0.1582E+02 0.1581E+02 0.1556E+02 0.1544E+02 0.1557E+02 0.1526E+02 0.1534E+02 0.1534E+02 0.1541E+02 0.1560E+02 0.1599E+02 0.1716E+02 0.1665E+02 0.1636E+02 0.1651E+02 0.1720E+02 0.1837E+02 0.1845E+02 0.1823E+02 0.1777E+02 0.1791E+02 0.2009E+02
0.1926E+02 0.1944E+02 0.1790E+02 0.1727E+02 0.1700E+02 0.1722E+02 0.1714E+02 0.1760E+02 0.1738E+02 0.1699E+02 0.1745E+02 0.1749E+02 0.1752E+02 0.1766E+02 0.1884E+02 0.2519E+02 0.1919E+02 0.1763E+02 0.1693E+02 0.1670E+02 0.1698E+02 0.1694E+02 0.1690E+02 0.1748E+02 0.1677E+02 0.1715E+02 0.1759E+02 0.1872E+02 0.2825E+02 0.1928E+02 0.1763E+02 0.1584E+02 0.1564E+02 0.1607E+02 0.1600E+02 0.1612E+02 0.1575E+02 0.1569E+02 0.1562E+02 0.1587E+02 0.1570E+02 0.1563E+02 0.1595E+02 0.1595E+02 0.1633E+02 0.1757E+02 0.1780E+02 0.1812E+02 0.1844E+02 0.2101E+02 0.2461E+02 0.2345E+02 0.2324E+02 0.2348E+02 0.2305E+02 0.2375E+02
0.1806E+02 0.1812E+02 0.1786E+02 0.1685E+02 0.1677E+02 0.1680E+02 0.1685E+02 0.1694E+02 0.1753E+02 0.1713E+02 0.1716E+02 0.1792E+02 0.1741E+02 0.1829E+02 0.1964E+02 0.2626E+02 0.1904E+02 0.1767E+02 0.1701E+02 0.1697E+02 0.1718E+02 0.1679E+02 0.1699E+02 0.1811E+02 0.1711E+02 0.1696E+02 0.1705E+02 0.1824E+02 0.2536E+02 0.2350E+02 0.1843E+02 0.1669E+02 0.1668E+02 0.1637E+02 0.1630E+02 0.1618E+02 0.1611E+02 0.1580E+02 0.1617E+02 0.1733E+02 0.1618E+02 0.1655E+02 0.1661E+02 0.1693E+02 0.1791E+02 0.1897E+02 0.1947E+02 0.2159E+02 0.2522E+02 0.2424E+02 0.1989E+02 0.1769E+02 0.1765E+02 0.1965E+02 0.1847E+02 0.1897E+02
0.1806E+02 0.1769E+02 0.1744E+02 0.1681E+02 0.1684E+02 0.1689E+02 0.1680E+02 0.1696E+02 0.1767E+02 0.1709E+02 0.1737E+02 0.1813E+02 0.1828E+02 0.1933E+02 0.2636E+02 0.2110E+02 0.1864E+02 0.1770E+02 0.1718E+02 0.1669E+02 0.1684E+02 0.1723E+02 0.2053E+02 0.2048E+02 0.1723E+02 0.1701E+02 0.1729E+02 0.1776E+02 0.1864E+02 0.2782E+02 0.1873E+02 0.1760E+02 0.1711E+02 0.1662E+02 0.1661E+02 0.1648E+02 0.1690E+02 0.1641E+02 0.1641E+02 0.1629E+02 0.1684E+02 0.1745E+02 0.1836E+02 0.2383E+02 0.2366E+02 0.2500E+02 0.2638E+02 0.2369E+02 0.1877E+02 0.1849E+02 0.1982E+02 0.1792E+02 0.1788E+02 0.1832E+02 0.1805E+02 0.1831E+02
0.1764E+02 0.1757E+02 0.1750E+02 0.1769E+02 0.1698E+02 0.1716E+02 0.1725E+02 0.1722E+02 0.1750E+02 0.1735E+02 0.1769E+02 0.1766E+02 0.1818E+02 0.1930E+02 0.2655E+02 0.1948E+02 0.1824E+02 0.1748E+02 0.1702E+02 0.1698E+02 0.1720E+02 0.1834E+02 0.2283E+02 0.1994E+02 0.1764E+02 0.1744E+02 0.1718E+02 0.1708E+02 0.1767E+02 0.2249E+02 0.2545E+02 0.1860E+02 0.1747E+02 0.1735E+02 0.1795E+02 0.1690E+02 0.1763E+02 0.1835E+02 0.1671E+02 0.1695E+02 0.1805E+02 0.2078E+02 0.2699E+02 0.1967E+02 0.2015E+02 0.2020E+02 0.2173E+02 0.1941E+02 0.1882E+02 0.1884E+02 0.2039E+02 0.1905E+02 0.1848E+02 0.1717E+02 0.1682E+02 0.1678E+02
0.1783E+02 0.1776E+02 0.1764E+02 0.1763E+02 0.1775E+02 0.1811E+02 0.1732E+02 0.1754E+02 0.1770E+02 0.1816E+02 0.1765E+02 0.1798E+02 0.1844E+02 0.2015E+02 0.2641E+02 0.1914E+02 0.1815E+02 0.1733E+02 0.1722E+02 0.1714E+02 0.1743E+02 0.1815E+02 0.1849E+02 0.1821E+02 0.1812E+02 0.1726E+02 0.1724E+02 0.1751E+02 0.1810E+02 0.1887E+02 0.2877E+02 0.2009E+02 0.1875E+02 0.1790E+02 0.1813E+02 0.1950E+02 0.2032E+02 0.1949E+02 0.1781E+02 0.1829E+02 0.2337E+02 0.2537E+02 0.1805E+02 0.1744E+02 0.1995E+02 0.2084E+02 0.2034E+02 0.1820E+02 0.1766E+02 0.1738E+02 0.1861E+02 0.1863E+02 0.1871E+02 0.1734E+02 0.1729E+02 0.1816E+02
0.1818E+02 0.1920E+02 0.1807E+02 0.1788E+02 0.1776E+02 0.1800E+02 0.1794E+02 0.1768E+02 0.1754E+02 0.1818E+02 0.1810E+02 0.1849E+02 0.1948E+02 0.2635E+02 0.2032E+02 0.1838E+02 0.1841E+02 0.1765E+02 0.1745E+02 0.1749E+02 0.1723E+02 0.1825E+02 0.1793E+02 0.1732E+02 0.1703E+02 0.1695E+02 0.1730E+02 0.1739E+02 0.1779E+02 0.1893E+02 0.2232E+02 0.2741E+02 0.2024E+02 0.1874E+02 0.1897E+02 0.1979E+02 0.2015E+02 0.2119E+02 0.1990E+02 0.2510E+02 0.2325E+02 0.1761E+02 0.1706E+02 0.1840E+02 0.1804E+02 0.1853E+02 0.1769E+02 0.1741E+02 0.1649E+02 0.1670E+02 0.1944E+02 0.1856E+02 0.1767E+02 0.1727E+02 0.1764E+02 0.1693E+02
0.1819E+02 0.1824E+02 0.1800E+02 0.1801E+02 0.1807E+02 0.1819E+02 0.1819E+02 0.1758E+02 0.1780E+02 0.1850E+02 0.1860E+02 0.1905E+02 0.2045E+02 0.2756E+02 0.2051E+02 0.1941E+02 0.1885E+02 0.1835E+02 0.1810E+02 0.1760E+02 0.1741E+02 0.1714E+02 0.1823E+02 0.1773E+02 0.1760E+02 0.1756E+02 0.1766E+02 0.1783E+02 0.1817E+02 0.1887E+02 0.2058E+02 0.2979E+02 0.2306E+02 0.2213E+02 0.2497E+02 0.2507E+02 0.2550E+02 0.2637E+02 0.2505E+02 0.2067E+02 0.1737E+02 0.1651E+02 0.1620E+02 0.1639E+02 0.1689E+02 0.1807E+02 0.1707E+02 0.1679E+02 0.1612E+02 0.1614E+02 0.1610E+02 0.1599E+02 0.1594E+02 0.1608E+02 0.1586E+02 0.1642E+02
0.1888E+02 0.1876E+02 0.1845E+02 0.1832E+02 0.1819E+02 0.1812E+02 0.1831E+02 0.1827E+02 0.1883E+02 0.1894E+02 0.1981E+02 0.2073E+02 0.2273E+02 0.2795E+02 0.2135E+02 0.1997E+02 0.2002E+02 0.1959E+02 0.1898E+02 0.1831E+02 0.1799E+02 0.1823E+02 0.1930E+02 0.1923E+02 0.1898E+02 0.1898E+02 0.1893E+02 0.1880E+02 0.1925E+02 0.1995E+02 0.2500E+02 0.2734E+02 0.3441E+02 0.2646E+02 0.2098E+02 0.1919E+02 0.1823E+02 0.1842E+02 0.1817E+02 0.1713E+02 0.1632E+02 0.1620E+02 0.1639E+02 0.1627E+02 0.1745E+02 0.1746E+02 0.1774E+02 0.1617E+02 0.1575E+02 0.1589E+02 0.1578E+02 0.1568E+02 0.1563E+02 0.1589E+02 0.1566E+02 0.1579E+02
0.1926E+02 0.1902E+02 0.1841E+02 0.1840E+02 0.1845E+02 0.1856E+02 0.1892E+02 0.1995E+02 0.2005E+02 0.2074E+02 0.2159E+02 0.2603E+02 0.3556E+02 0.2812E+02 0.2638E+02 0.2629E+02 0.2767E+02 0.2494E+02 0.2386E+02 0.1920E+02 0.1919E+02 0.1960E+02 0.2484E+02 0.2483E+02 0.2426E+02 0.2386E+02 0.2389E+02 0.2393E+02 0.2412E+02 0.2405E+02 0.1954E+02 0.2006E+02 0.2691E+02 0.2301E+02 0.1926E+02 0.1842E+02 0.1756E+02 0.1773E+02 0.1698E+02 0.1631E+02 0.1618E+02 0.1638E+02 0.1658E+02 0.1702E+02 0.1794E+02 0.1683E+02 0.1702E+02 0.1605E+02 0.1594E+02 0.1577E+02 0.1578E+02 0.1585E+02 0.1569E+02 0.1563E+02 0.1564E+02 0.1559E+02
0.2084E+02 0.1976E+02 0.1940E+02 0.1932E+02 0.1955E+02 0.2002E+02 0.2061E+02 0.2189E+02 0.2845E+02 0.2809E+02 0.2822E+02 0.2577E+02 0.2947E+02 0.2504E+02 0.2402E+02 0.2186E+02 0.2063E+02 0.1884E+02 0.1859E+02 0.2339E+02 0.2451E+02 0.2467E+02 0.2101E+02 0.1964E+02 0.1874E+02 0.1843E+02 0.1843E+02 0.1839E+02 0.1841E+02 0.1841E+02 0.1840E+02 0.1869E+02 0.1982E+02 0.2697E+02 0.1963E+02 0.1866E+02 0.1798E+02 0.1803E+02 0.1724E+02 0.1656E+02 0.1650E+02 0.1633E+02 0.1668E+02 0.1803E+02 0.1718E+02 0.1677E+02 0.1610E+02 0.1624E+02 0.1601E+02 0.1602E+02 0.1597E+02 0.1573E+02 0.1568E+02 0.1563E+02 0.1539E+02 0.1552E+02
0.2813E+02 0.2704E+02 0.2731E+02 0.2587E+02 0.2701E+02 0.2706E+02 0.2634E+02 0.2732E+02 0.2122E+02 0.2166E+02 0.2169E+02 0.2264E+02 0.3077E+02 0.2350E+02 0.2261E+02 0.1943E+02 0.1901E+02 0.1852E+02 0.1821E+02 0.1912E+02 0.1941E+02 0.1959E+02 0.2000E+02 0.1904E+02 0.1855E+02 0.1849E+02 0.1837E+02 0.1820E+02 0.1825E+02 0.1823E+02 0.1841E+02 0.1840E+02 0.1929E+02 0.2433E+02 0.2482E+02 0.1987E+02 0.1962E+02 0.1885E+02 0.1757E+02 0.1708E+02 0.1659E+02 0.1686E+02 0.1809E+02 0.1792E+02 0.1713E+02 0.1627E+02 0.1574E+02 0.1581E+02 0.1625E+02 0.1633E+02 0.1635E+02 0.1610E+02 0.1567E+02 0.1593E+02 0.1575E+02 0.1620E+02
0.2188E+02 0.2169E+02 0.2021E+02 0.1996E+02 0.1923E+02 0.1982E+02 0.2041E+02 0.2093E+02 0.2174E+02 0.1993E+02 0.1972E+02 0.2284E+02 0.2562E+02 0.1998E+02 0.1867E+02 0.1960E+02 0.1971E+02 0.1881E+02 0.1839E+02 0.1850E+02 0.1813E+02 0.1746E+02 0.1939E+02 0.1843E+02 0.1909E+02 0.1891E+02 0.1897E+02 0.1881E+02 0.1866E+02 0.1841E+02 0.1871E+02 0.1889E+02 0.2049E+02 0.2183E+02 0.2911E+02 0.2077E+02 0.1832E+02 0.1771E+02 0.1856E+02 0.1733E+02 0.1709E+02 0.1731E+02 0.1842E+02 0.1793E+02 0.1653E+02 0.1640E+02 0.1622E+02 0.1600E+02 0.1632E+02 0.1615E+02 0.1597E+02 0.1623E+02 0.1604E+02 0.1649E+02 0.1637E+02 0.1625E+02
0.1795E+02 0.1776E+02 0.1787E+02 0.1786E+02 0.1784E+02 0.1807E+02 0.1849E+02 0.1963E+02 0.2087E+02 0.2048E+02 0.1933E+02 0.2849E+02 0.2022E+02 0.1869E+02 0.1837E+02 0.1818E+02 0.1811E+02 0.1778E+02 0.1728E+02 0.1722E+02 0.1714E+02 0.1738E+02 0.1811E+02 0.1810E+02 0.1852E+02 0.1772E+02 0.1783E+02 0.1748E+02 0.1788E+02 0.1884E+02 0.1914E+02 0.1997E+02 0.2085E+02 0.2161E+02 0.2727E+02 0.1948E+02 0.1815E+02 0.1839E+02 0.1754E+02 0.1826E+02 0.1765E+02 0.1867E+02 0.1794E+02 0.1677E+02 0.1629E+02 0.1684E+02 0.1734E+02 0.1710E+02 0.1652E+02 0.1591E+02 0.1603E+02 0.1623E+02 0.1605E+02 0.1649E+02 0.1637E+02 0.1619E+02
0.1760E+02 0.1801E+02 0.1794E+02 0.1787E+02 0.1780E+02 0.1803E+02 0.1808E+02 0.1800E+02 0.1925E+02 0.1878E+02 0.2090E+02 0.2905E+02 0.2032E+02 0.1870E+02 0.1791E+02 0.1766E+02 0.1751E+02 0.1763E+02 0.1734E+02 0.1708E+02 0.1738E+02 0.1756E+02 0.1737E+02 0.1762E+02 0.1785E+02 0.1779E+02 0.1766E+02 0.1756E+02 0.1763E+02 0.1800E+02 0.1878E+02 0.1950E+02 0.2062E+02 0.2267E+02 0.2713E+02 0.2057E+02 0.1895E+02 0.1841E+02 0.1742E+02 0.1828E+02 0.1893E+02 0.1789E+02 0.1735E+02 0.1698E+02 0.1648E+02 0.1636E+02 0.1660E+02 0.1604E+02 0.1660E+02 0.1623E+02 0.1616E+02 0.1604E+02 0.1599E+02 0.1661E+02 0.1679E+02 0.1643E+02
0.1773E+02 0.1711E+02 0.1697E+02 0.1695E+02 0.1688E+02 0.1693E+02 0.1698E+02 0.1722E+02 0.1764E+02 0.1808E+02 0.1973E+02 0.2790E+02 0.2035E+02 0.1849E+02 0.1747E+02 0.1696E+02 0.1745E+02 0.1713E+02 0.1871E+02 0.1754E+02 0.1707E+02 0.1738E+02 0.1706E+02 0.1700E+02 0.1693E+02 0.1723E+02 0.1702E+02 0.1733E+02 0.1709E+02 0.1758E+02 0.1867E+02 0.1836E+02 0.1920E+02 0.2218E+02 0.2922E+02 0.2029E+02 0.1824E+02 0.1775E+02 0.1842E+02 0.1749E+02 0.1742E+02 0.1754E+02 0.1725E+02 0.1696E+02 0.1665E+02 0.1622E+02 0.1616E+02 0.1628E+02 0.1617E+02 0.1648E+02 0.1648E+02 0.1629E+02 0.1648E+02 0.1704E+02 0.1747E+02 0.1630E+02
0.1700E+02 0.1656E+02 0.1661E+02 0.1647E+02 0.1658E+02 0.1657E+02 0.1668E+02 0.1729E+02 0.1736E+02 0.1798E+02 0.1908E+02 0.2787E+02 0.2032E+02 0.1864E+02 0.1746E+02 0.1800E+02 0.1799E+02 0.1805E+02 0.1829E+02 0.1754E+02 0.1833E+02 0.1725E+02 0.1712E+02 0.1712E+02 0.1712E+02 0.1753E+02 0.1690E+02 0.1709E+02 0.1685E+02 0.1690E+02 0.1745E+02 0.1794E+02 0.1854E+02 0.1973E+02 0.2824E+02 0.2025E+02 0.1863E+02 0.1819E+02 0.1806E+02 0.1719E+02 0.1720E+02 0.1733E+02 0.1684E+02 0.1665E+02 0.1659E+02 0.1648E+02 0.1635E+02 0.1648E+02 0.1635E+02 0.1654E+02 0.1704E+02 0.1814E+02 0.1747E+02 0.1995E+02 0.1971E+02 0.1691E+02
0.1659E+02 0.1632E+02 0.1649E+02 0.1636E+02 0.1647E+02 0.1639E+02 0.1706E+02 0.1706E+02 0.1732E+02 0.1788E+02 0.1948E+02 0.2720E+02 0.2041E+02 0.1999E+02 0.1849E+02 0.1732E+02 0.1719E+02 0.1693E+02 0.1718E+02 0.1748E+02 0.1754E+02 0.1771E+02 0.1741E+02 0.1787E+02 0.1709E+02 0.1709E+02 0.1697E+02 0.1716E+02 0.1691E+02 0.1722E+02 0.1740E+02 0.1788E+02 0.1825E+02 0.1975E+02 0.2915E+02 0.2130E+02 0.1964E+02 0.1928E+02 0.1953E+02 0.1959E+02 0.1734E+02 0.1753E+02 0.1710E+02 0.1698E+02 0.1680E+02 0.1667E+02 0.1680E+02 0.1680E+02 0.1667E+02 0.1686E+02 0.1869E+02 0.1989E+02 0.2078E+02 0.2102E+02 0.2078E+02 0.1971E+02
