Data/conc_no2_2016/conc_no2_2016.asc
NCOLS          280
NROWS          320
XLLCORNER            0
YLLCORNER       300000
CELLSIZE         1000
NODATA_VALUE  -0.9990E+03
[rows 25 to 49 of 320, columns 224 to 279 of 280]
0.9220E+01 0.9260E+01 0.9250E+01 0.9440E+01 0.9560E+01 0.1002E+02 0.1075E+02 0.9860E+01 0.9720E+01 0.9630E+01 0.9760E+01 0.9880E+01 0.9680E+01 0.9600E+01 0.9660E+01 0.9660E+01 0.1047E+02 0.9920E+01 0.9650E+01 0.9440E+01 0.9510E+01 0.9990E+01 0.9440E+01 0.9310E+01 0.9510E+01 0.9440E+01 0.9590E+01 0.9790E+01 0.1060E+02 0.1127E+02 0.1107E+02 0.1148E+02 0.1208E+02 0.1287E+02 0.1168E+02 0.9950E+01 0.9880E+01 0.9410E+01 0.9140E+01 0.9080E+01 0.8950E+01 0.8750E+01 0.8680E+01 0.8620E+01 0.8480E+01 0.8370E+01 0.8176E+01 0.8220E+01 0.8360E+01 0.8410E+01 0.8370E+01 0.8203E+01 -0.9990E+03 -0.9990E+03 -0.9990E+03 -0.9990E+03
0.9340E+01 0.9330E+01 0.9310E+01 0.9510E+01 0.9550E+01 0.9820E+01 0.1047E+02 0.1006E+02 0.9780E+01 0.9700E+01 0.9760E+01 0.9950E+01 0.9670E+01 0.9660E+01 0.9730E+01 0.1005E+02 0.1012E+02 0.9720E+01 0.9650E+01 0.9580E+01 0.9510E+01 0.9580E+01 0.9850E+01 0.9650E+01 0.1026E+02 0.9990E+01 0.1005E+02 0.1040E+02 0.1053E+02 0.1147E+02 0.1154E+02 0.1108E+02 0.1175E+02 0.1175E+02 0.1162E+02 0.1042E+02 0.1029E+02 0.9690E+01 0.9140E+01 0.8940E+01 0.8680E+01 0.8540E+01 0.8460E+01 0.8430E+01 0.8360E+01 0.8290E+01 0.8141E+01 0.8186E+01 0.8186E+01 0.8145E+01 0.8127E+01 0.8038E+01 -0.9990E+03 -0.9990E+03 -0.9990E+03 -0.9990E+03
0.9480E+01 0.9660E+01 0.9520E+01 0.9630E+01 0.9680E+01 0.9940E+01 0.1007E+02 0.1025E+02 0.9900E+01 0.9760E+01 0.9950E+01 0.1034E+02 0.1006E+02 0.9990E+01 0.9990E+01 0.1066E+02 0.9910E+01 0.9770E+01 0.9640E+01 0.9770E+01 0.9770E+01 0.1045E+02 0.1045E+02 0.1038E+02 0.9780E+01 0.9510E+01 0.9650E+01 0.9650E+01 0.1020E+02 0.1033E+02 0.1080E+02 0.1021E+02 0.1041E+02 0.1034E+02 0.1062E+02 0.1042E+02 0.1022E+02 0.9820E+01 0.9280E+01 0.8810E+01 0.8470E+01 0.8350E+01 0.8250E+01 0.8166E+01 0.8183E+01 0.8052E+01 0.8011E+01 0.8000E+01 0.8014E+01 0.7996E+01 0.7983E+01 0.7937E+01 -0.9990E+03 -0.9990E+03 -0.9990E+03 -0.9990E+03
0.9740E+01 0.9930E+01 0.9850E+01 0.1010E+02 0.1022E+02 0.1000E+02 0.9990E+01 0.1064E+02 0.1003E+02 0.1002E+02 0.1014E+02 0.1114E+02 0.1106E+02 0.1039E+02 0.1038E+02 0.1098E+02 0.1011E+02 0.9840E+01 0.9910E+01 0.9980E+01 0.1078E+02 0.1092E+02 0.9770E+01 0.9640E+01 0.9570E+01 0.9650E+01 0.9780E+01 0.9780E+01 0.1033E+02 0.1006E+02 0.1027E+02 0.1001E+02 0.1048E+02 0.1021E+02 0.1008E+02 0.1035E+02 0.9960E+01 0.9760E+01 0.9210E+01 0.9090E+01 0.9020E+01 0.9030E+01 0.8620E+01 0.8460E+01 0.8155E+01 0.8018E+01 0.7993E+01 0.7986E+01 0.7989E+01 0.7983E+01 0.7979E+01 0.7937E+01 -0.9990E+03 -0.9990E+03 -0.9990E+03 -0.9990E+03
0.9810E+01 0.9720E+01 0.9840E+01 0.9960E+01 0.1021E+02 0.9930E+01 0.1005E+02 0.1071E+02 0.1022E+02 0.1001E+02 0.1020E+02 0.1079E+02 0.1072E+02 0.1031E+02 0.1077E+02 0.1037E+02 0.1037E+02 0.1017E+02 0.1010E+02 0.1024E+02 0.1050E+02 0.1018E+02 0.9840E+01 0.9570E+01 0.9710E+01 0.9780E+01 0.1012E+02 0.9650E+01 0.1027E+02 0.9520E+01 0.9520E+01 0.9460E+01 0.9870E+01 0.9740E+01 0.9610E+01 0.1002E+02 0.9620E+01 0.9420E+01 0.9090E+01 0.8950E+01 0.8820E+01 0.8760E+01 0.8620E+01 0.8560E+01 0.8107E+01 0.8035E+01 0.8000E+01 0.7996E+01 0.7996E+01 0.7989E+01 0.7993E+01 0.7972E+01 -0.9990E+03 -0.9990E+03 -0.9990E+03 -0.9990E+03
0.1007E+02 0.9910E+01 0.9900E+01 0.1002E+02 0.1027E+02 0.1006E+02 0.1024E+02 0.1103E+02 0.1042E+02 0.1040E+02 0.1039E+02 0.1105E+02 0.1045E+02 0.1044E+02 0.1077E+02 0.1037E+02 0.1016E+02 0.1057E+02 0.1044E+02 0.1077E+02 0.1003E+02 0.1024E+02 0.1011E+02 0.9980E+01 0.9840E+01 0.9510E+01 0.9310E+01 0.9170E+01 0.9660E+01 0.1000E+02 0.9600E+01 0.9670E+01 0.9740E+01 0.9610E+01 0.9610E+01 0.1008E+02 0.9350E+01 0.9140E+01 0.8950E+01 0.8880E+01 0.9160E+01 0.8820E+01 0.8630E+01 0.8480E+01 0.8117E+01 0.8048E+01 0.8045E+01 0.8031E+01 0.8038E+01 0.8048E+01 0.8041E+01 0.8030E+01 0.7961E+01 -0.9990E+03 -0.9990E+03 -0.9990E+03
0.1019E+02 0.9980E+01 0.1003E+02 0.1008E+02 0.1027E+02 0.1052E+02 0.1037E+02 0.1109E+02 0.1061E+02 0.1067E+02 0.1078E+02 0.1151E+02 0.1104E+02 0.1070E+02 0.1090E+02 0.1049E+02 0.1029E+02 0.1043E+02 0.1143E+02 0.1057E+02 0.1030E+02 0.1071E+02 0.1050E+02 0.9980E+01 0.9640E+01 0.9240E+01 0.8900E+01 0.8970E+01 0.9390E+01 0.1000E+02 0.1033E+02 0.9670E+01 0.9530E+01 0.1002E+02 0.9470E+01 0.1003E+02 0.9280E+01 0.9090E+01 0.9020E+01 0.8960E+01 0.9370E+01 0.8770E+01 0.8630E+01 0.8460E+01 0.8145E+01 0.8113E+01 0.8079E+01 0.8079E+01 0.8096E+01 0.8110E+01 0.8126E+01 0.8120E+01 0.8061E+01 -0.9990E+03 -0.9990E+03 -0.9990E+03
0.1040E+02 0.1038E+02 0.1036E+02 0.1035E+02 0.1066E+02 0.1058E+02 0.1050E+02 0.1116E+02 0.1080E+02 0.1099E+02 0.1165E+02 0.1263E+02 0.1130E+02 0.1102E+02 0.1048E+02 0.1048E+02 0.1056E+02 0.1076E+02 0.1056E+02 0.1029E+02 0.1030E+02 0.9830E+01 0.9760E+01 0.9770E+01 0.9500E+01 0.9170E+01 0.9170E+01 0.9310E+01 0.9390E+01 0.1027E+02 0.1041E+02 0.9400E+01 0.9410E+01 0.9540E+01 0.9420E+01 0.9820E+01 0.9360E+01 0.9090E+01 0.8960E+01 0.8960E+01 0.9040E+01 0.8770E+01 0.8710E+01 0.8640E+01 0.8210E+01 0.8175E+01 0.8155E+01 0.8165E+01 0.8192E+01 0.8209E+01 0.8223E+01 0.8240E+01 0.8171E+01 -0.9990E+03 -0.9990E+03 -0.9990E+03
0.1059E+02 0.1051E+02 0.1096E+02 0.1087E+02 0.1106E+02 0.1104E+02 0.1077E+02 0.1121E+02 0.1127E+02 0.1138E+02 0.1263E+02 0.1190E+02 0.1115E+02 0.1082E+02 0.1069E+02 0.1055E+02 0.1089E+02 0.1090E+02 0.1056E+02 0.1036E+02 0.9900E+01 0.9760E+01 0.9560E+01 0.9570E+01 0.9640E+01 0.9380E+01 0.9240E+01 0.9320E+01 0.9390E+01 0.9590E+01 0.1034E+02 0.9460E+01 0.9470E+01 0.9750E+01 0.9820E+01 0.9690E+01 0.9220E+01 0.9090E+01 0.9030E+01 0.9030E+01 0.8900E+01 0.8840E+01 0.8840E+01 0.8920E+01 0.8580E+01 0.8260E+01 0.8233E+01 0.8260E+01 0.8350E+01 0.8390E+01 0.8420E+01 0.8420E+01 0.8380E+01 -0.9990E+03 -0.9990E+03 -0.9990E+03
0.1112E+02 0.1130E+02 0.1128E+02 0.1094E+02 0.1085E+02 0.1091E+02 0.1129E+02 0.1175E+02 0.1252E+02 0.1231E+02 0.1574E+02 0.1340E+02 0.1194E+02 0.1101E+02 0.1088E+02 0.1122E+02 0.1155E+02 0.1095E+02 0.1043E+02 0.1002E+02 0.9900E+01 0.9700E+01 0.9630E+01 0.9430E+01 0.9430E+01 0.9580E+01 0.9310E+01 0.9390E+01 0.9590E+01 0.1014E+02 0.1048E+02 0.9750E+01 0.1008E+02 0.9690E+01 0.9350E+01 0.9020E+01 0.9770E+01 0.9370E+01 0.9030E+01 0.9040E+01 0.8900E+01 0.8980E+01 0.9060E+01 0.9060E+01 0.8800E+01 0.8730E+01 0.8670E+01 0.8400E+01 0.8600E+01 0.8680E+01 0.8750E+01 0.8760E+01 0.8760E+01 -0.9990E+03 -0.9990E+03 -0.9990E+03
0.1098E+02 0.1057E+02 0.1061E+02 0.1094E+02 0.1172E+02 0.1184E+02 0.1222E+02 0.1378E+02 0.1448E+02 0.1626E+02 0.1451E+02 0.1457E+02 0.1273E+02 0.1247E+02 0.1148E+02 0.1182E+02 0.1082E+02 0.1075E+02 0.1029E+02 0.1016E+02 0.9970E+01 0.9700E+01 0.9500E+01 0.9430E+01 0.9380E+01 0.9650E+01 0.9660E+01 0.9860E+01 0.9790E+01 0.9460E+01 0.9870E+01 0.9410E+01 0.9480E+01 0.9210E+01 0.9150E+01 0.9150E+01 0.9780E+01 0.9160E+01 0.9040E+01 0.8970E+01 0.8980E+01 0.9190E+01 0.9060E+01 0.8930E+01 0.9000E+01 0.9010E+01 0.9010E+01 0.8950E+01 0.9160E+01 0.9230E+01 0.9170E+01 0.9230E+01 0.9180E+01 -0.9990E+03 -0.9990E+03 -0.9990E+03
0.1051E+02 0.1056E+02 0.1068E+02 0.1073E+02 0.1092E+02 0.1150E+02 0.1281E+02 0.1635E+02 0.1557E+02 0.1626E+02 0.1561E+02 0.1509E+02 0.1610E+02 0.1353E+02 0.1294E+02 0.1102E+02 0.1055E+02 0.1016E+02 0.1016E+02 0.1003E+02 0.9760E+01 0.9700E+01 0.9500E+01 0.9500E+01 0.9510E+01 0.9650E+01 0.1020E+02 0.9450E+01 0.9260E+01 0.9460E+01 0.9950E+01 0.9610E+01 0.9420E+01 0.9430E+01 0.9220E+01 0.9440E+01 0.9840E+01 0.9240E+01 0.9110E+01 0.9050E+01 0.9130E+01 0.9130E+01 0.9200E+01 0.9070E+01 0.8940E+01 0.9080E+01 0.9290E+01 0.9090E+01 0.9300E+01 0.9440E+01 0.9520E+01 0.9520E+01 0.9380E+01 0.9250E+01 -0.9990E+03 -0.9990E+03
0.1063E+02 0.1069E+02 0.1074E+02 0.1080E+02 0.1119E+02 0.1190E+02 0.1262E+02 0.1572E+02 0.1499E+02 0.1795E+02 0.1960E+02 0.1706E+02 0.1598E+02 0.1379E+02 0.1189E+02 0.1102E+02 0.1063E+02 0.1036E+02 0.1023E+02 0.1003E+02 0.9900E+01 0.9770E+01 0.9500E+01 0.9510E+01 0.9720E+01 0.1027E+02 0.9730E+01 0.9400E+01 0.9400E+01 0.9540E+01 0.1035E+02 0.9550E+01 0.9630E+01 0.9560E+01 0.9440E+01 0.9370E+01 0.9790E+01 0.9450E+01 0.9180E+01 0.9190E+01 0.9190E+01 0.9200E+01 0.9200E+01 0.9080E+01 0.9150E+01 0.9290E+01 0.9220E+01 0.9300E+01 0.9510E+01 0.9650E+01 0.9580E+01 0.9730E+01 0.9590E+01 0.9400E+01 -0.9990E+03 -0.9990E+03
0.1090E+02 0.1089E+02 0.1107E+02 0.1146E+02 0.1179E+02 0.1309E+02 0.1288E+02 0.1398E+02 0.1779E+02 0.1932E+02 0.2004E+02 0.2064E+02 0.1830E+02 0.1547E+02 0.1223E+02 0.1143E+02 0.1116E+02 0.1111E+02 0.1097E+02 0.1050E+02 0.1018E+02 0.9910E+01 0.9780E+01 0.9720E+01 0.9860E+01 0.1013E+02 0.9530E+01 0.9530E+01 0.9750E+01 0.9750E+01 0.1030E+02 0.9820E+01 0.9770E+01 0.9710E+01 0.9500E+01 0.9510E+01 0.9580E+01 0.1007E+02 0.9530E+01 0.9330E+01 0.9410E+01 0.9480E+01 0.9350E+01 0.9210E+01 0.9360E+01 0.9370E+01 0.9440E+01 0.9380E+01 0.9790E+01 0.9790E+01 0.9870E+01 0.9800E+01 0.9600E+01 0.9470E+01 -0.9990E+03 -0.9990E+03
0.1164E+02 0.1175E+02 0.1207E+02 0.1416E+02 0.1524E+02 0.1419E+02 0.1255E+02 0.1352E+02 0.1634E+02 0.2066E+02 0.2040E+02 0.1434E+02 0.1413E+02 0.1368E+02 0.1471E+02 0.1184E+02 0.1289E+02 0.1309E+02 0.1124E+02 0.1112E+02 0.1051E+02 0.1005E+02 0.1046E+02 0.1006E+02 0.1053E+02 0.9800E+01 0.9530E+01 0.9750E+01 0.9750E+01 0.9890E+01 0.1016E+02 0.1031E+02 0.9780E+01 0.9710E+01 0.9790E+01 0.9930E+01 0.1000E+02 0.1082E+02 0.9740E+01 0.9610E+01 0.9830E+01 0.9760E+01 0.9430E+01 0.9430E+01 0.9780E+01 0.9710E+01 0.9520E+01 0.9380E+01 0.9660E+01 0.9800E+01 0.1008E+02 0.9880E+01 0.9810E+01 0.9680E+01 -0.9990E+03 -0.9990E+03
0.1516E+02 0.1489E+02 0.1520E+02 0.1266E+02 0.1105E+02 0.1211E+02 0.1668E+02 0.1597E+02 0.1716E+02 0.1754E+02 0.1518E+02 0.1277E+02 0.1205E+02 0.1185E+02 0.1164E+02 0.1400E+02 0.1185E+02 0.1138E+02 0.1472E+02 0.1284E+02 0.1093E+02 0.1046E+02 0.1074E+02 0.1060E+02 0.1021E+02 0.9800E+01 0.9750E+01 0.9810E+01 0.1009E+02 0.1017E+02 0.1037E+02 0.1065E+02 0.1005E+02 0.1006E+02 0.1047E+02 0.1167E+02 0.1215E+02 0.1122E+02 0.1042E+02 0.1023E+02 0.9830E+01 0.9090E+01 0.9630E+01 0.9570E+01 0.9710E+01 0.9450E+01 0.9520E+01 0.9530E+01 0.9800E+01 0.9940E+01 0.1008E+02 0.1022E+02 0.1049E+02 0.1023E+02 -0.9990E+03 -0.9990E+03
0.1076E+02 0.1055E+02 0.1060E+02 0.1046E+02 0.1045E+02 0.1078E+02 0.1197E+02 0.1156E+02 0.1254E+02 0.1403E+02 0.1371E+02 0.1212E+02 0.1179E+02 0.1118E+02 0.1105E+02 0.1165E+02 0.1105E+02 0.1126E+02 0.1159E+02 0.1370E+02 0.1364E+02 0.1120E+02 0.1114E+02 0.1048E+02 0.1054E+02 0.1008E+02 0.9950E+01 0.1009E+02 0.1004E+02 0.9970E+01 0.1025E+02 0.1092E+02 0.1046E+02 0.1087E+02 0.1326E+02 0.1135E+02 0.1136E+02 0.1367E+02 0.1050E+02 0.1010E+02 0.9770E+01 0.9710E+01 0.9510E+01 0.9920E+01 0.9790E+01 0.9870E+01 0.9800E+01 0.9810E+01 0.9880E+01 0.1009E+02 0.1043E+02 0.1151E+02 0.1171E+02 0.1157E+02 0.1004E+02 -0.9990E+03
0.1009E+02 0.1001E+02 0.1027E+02 0.1039E+02 0.1038E+02 0.1124E+02 0.1050E+02 0.1069E+02 0.1108E+02 0.1101E+02 0.1423E+02 0.1390E+02 0.1245E+02 0.1146E+02 0.1106E+02 0.1059E+02 0.1099E+02 0.1232E+02 0.1260E+02 0.1207E+02 0.1416E+02 0.1443E+02 0.1161E+02 0.1088E+02 0.1102E+02 0.1077E+02 0.1090E+02 0.1064E+02 0.1098E+02 0.1065E+02 0.1073E+02 0.1252E+02 0.1273E+02 0.1274E+02 0.1028E+02 0.1042E+02 0.1076E+02 0.1084E+02 0.1251E+02 0.1044E+02 0.9910E+01 0.1012E+02 0.1019E+02 0.1007E+02 0.1007E+02 0.9940E+01 0.9810E+01 0.9890E+01 0.1016E+02 0.1110E+02 0.1137E+02 0.1023E+02 0.1011E+02 -0.9990E+03 -0.9990E+03 -0.9990E+03
0.1015E+02 0.1008E+02 0.1034E+02 0.1059E+02 0.1025E+02 0.1138E+02 0.1023E+02 0.1016E+02 0.1069E+02 0.1088E+02 0.1115E+02 0.1577E+02 0.1279E+02 0.1174E+02 0.1114E+02 0.1040E+02 0.1040E+02 0.1047E+02 0.1087E+02 0.1168E+02 0.1201E+02 0.1267E+02 0.1592E+02 0.1464E+02 0.1406E+02 0.1354E+02 0.1394E+02 0.1349E+02 0.1330E+02 0.1344E+02 0.1325E+02 0.1319E+02 0.1041E+02 0.1001E+02 0.9880E+01 0.9960E+01 0.1016E+02 0.1024E+02 0.1092E+02 0.1285E+02 0.1299E+02 0.1147E+02 0.1067E+02 0.1027E+02 0.1035E+02 0.9810E+01 0.9750E+01 0.1009E+02 0.1164E+02 0.1050E+02 0.1018E+02 0.9840E+01 -0.9990E+03 -0.9990E+03 -0.9990E+03 -0.9990E+03
0.1036E+02 0.1028E+02 0.1047E+02 0.1026E+02 0.1025E+02 0.1092E+02 0.1004E+02 0.1009E+02 0.1043E+02 0.1102E+02 0.1129E+02 0.1469E+02 0.1181E+02 0.1121E+02 0.1101E+02 0.1048E+02 0.1028E+02 0.1001E+02 0.9870E+01 0.1007E+02 0.1089E+02 0.1162E+02 0.1340E+02 0.1170E+02 0.1158E+02 0.1131E+02 0.1092E+02 0.1025E+02 0.1066E+02 0.1094E+02 0.1060E+02 0.1148E+02 0.1015E+02 0.9950E+01 0.9830E+01 0.9840E+01 0.9900E+01 0.9980E+01 0.1079E+02 0.1073E+02 0.1148E+02 0.1188E+02 0.1405E+02 0.1155E+02 0.1029E+02 0.1009E+02 0.1030E+02 0.1157E+02 0.1065E+02 0.9970E+01 0.9910E+01 0.9780E+01 -0.9990E+03 -0.9990E+03 -0.9990E+03 -0.9990E+03
0.1069E+02 0.1075E+02 0.1067E+02 0.1033E+02 0.1126E+02 0.1058E+02 0.1010E+02 0.1004E+02 0.1036E+02 0.1110E+02 0.1076E+02 0.1116E+02 0.1509E+02 0.1168E+02 0.1075E+02 0.1048E+02 0.1008E+02 0.9810E+01 0.9750E+01 0.1002E+02 0.1069E+02 0.1123E+02 0.1190E+02 0.1124E+02 0.1024E+02 0.9980E+01 0.9790E+01 0.9790E+01 0.9800E+01 0.1014E+02 0.9940E+01 0.1036E+02 0.1097E+02 0.1023E+02 0.1011E+02 0.9840E+01 0.9850E+01 0.9990E+01 0.1026E+02 0.1014E+02 0.1209E+02 0.1275E+02 0.1190E+02 0.1163E+02 0.1137E+02 0.1117E+02 0.1098E+02 0.9840E+01 0.1018E+02 0.9710E+01 0.9780E+01 0.9790E+01 -0.9990E+03 -0.9990E+03 -0.9990E+03 -0.9990E+03
0.1169E+02 0.1122E+02 0.1114E+02 0.1114E+02 0.1059E+02 0.1045E+02 0.1018E+02 0.1017E+02 0.1064E+02 0.1130E+02 0.1090E+02 0.1103E+02 0.1476E+02 0.1129E+02 0.1062E+02 0.1049E+02 0.1002E+02 0.9760E+01 0.9420E+01 0.1003E+02 0.1023E+02 0.9770E+01 0.9830E+01 0.1025E+02 0.9840E+01 0.9920E+01 0.9660E+01 0.9800E+01 0.9810E+01 0.1014E+02 0.1029E+02 0.1016E+02 0.1217E+02 0.1058E+02 0.1032E+02 0.1018E+02 0.1053E+02 0.1007E+02 0.9930E+01 0.9940E+01 0.1142E+02 0.1308E+02 0.1197E+02 0.1057E+02 0.9910E+01 0.9970E+01 0.9910E+01 0.9710E+01 0.9920E+01 0.9930E+01 0.9930E+01 0.9790E+01 -0.9990E+03 -0.9990E+03 -0.9990E+03 -0.9990E+03
0.1169E+02 0.1041E+02 0.1001E+02 0.1027E+02 0.1019E+02 0.1046E+02 0.1025E+02 0.1011E+02 0.1037E+02 0.1098E+02 0.1098E+02 0.1137E+02 0.1465E+02 0.1163E+02 0.1070E+02 0.1050E+02 0.1016E+02 0.9700E+01 0.9350E+01 0.9360E+01 0.9970E+01 0.9570E+01 0.9640E+01 0.9850E+01 0.9920E+01 0.9520E+01 0.9670E+01 0.9600E+01 0.9610E+01 0.1009E+02 0.1077E+02 0.1091E+02 0.1158E+02 0.1025E+02 0.9990E+01 0.9790E+01 0.9800E+01 0.9940E+01 0.9810E+01 0.9890E+01 0.1029E+02 0.1010E+02 0.1118E+02 0.9840E+01 0.9570E+01 0.9710E+01 0.9640E+01 0.9720E+01 0.9790E+01 0.9800E+01 0.1014E+02 0.9940E+01 -0.9990E+03 -0.9990E+03 -0.9990E+03 -0.9990E+03
0.1042E+02 0.9940E+01 0.9870E+01 0.1000E+02 0.1000E+02 0.1039E+02 0.1006E+02 0.1018E+02 0.1018E+02 0.1037E+02 0.1057E+02 0.1124E+02 0.1517E+02 0.1124E+02 0.1044E+02 0.1024E+02 0.1037E+02 0.9770E+01 0.9290E+01 0.9570E+01 0.9980E+01 0.9580E+01 0.9720E+01 0.9860E+01 0.1013E+02 0.9600E+01 0.9680E+01 0.9540E+01 0.9620E+01 0.9840E+01 0.1064E+02 0.1092E+02 0.1167E+02 0.1019E+02 0.9870E+01 0.9730E+01 0.9670E+01 0.9890E+01 0.9950E+01 0.1003E+02 0.1057E+02 0.9970E+01 0.1092E+02 0.9850E+01 0.9640E+01 0.9650E+01 0.9590E+01 0.9600E+01 0.9800E+01 0.1000E+02 0.1028E+02 0.1015E+02 0.9950E+01 -0.9990E+03 -0.9990E+03 -0.9990E+03
0.1029E+02 0.9670E+01 0.1001E+02 0.9860E+01 0.1000E+02 0.9990E+01 0.1026E+02 0.1019E+02 0.1005E+02 0.1018E+02 0.1038E+02 0.1099E+02 0.1492E+02 0.1152E+02 0.1058E+02 0.1005E+02 0.1011E+02 0.1005E+02 0.9570E+01 0.1012E+02 0.1006E+02 0.9730E+01 0.9730E+01 0.9530E+01 0.9940E+01 0.9880E+01 0.9890E+01 0.9960E+01 0.9900E+01 0.1039E+02 0.1172E+02 0.1200E+02 0.1168E+02 0.1020E+02 0.9940E+01 0.9750E+01 0.9820E+01 0.9760E+01 0.1037E+02 0.1145E+02 0.1078E+02 0.1025E+02 0.1005E+02 0.1047E+02 0.1040E+02 0.1000E+02 0.9870E+01 0.1001E+02 0.9740E+01 0.1015E+02 0.1016E+02 0.1009E+02 0.1002E+02 -0.9990E+03 -0.9990E+03 -0.9990E+03
