Data/conc_no2_2013/conc_no2_2013.asc
NCOLS          280
NROWS          320
XLLCORNER            0
YLLCORNER       300000
CELLSIZE         1000
NODATA_VALUE  -9.990E+02
[rows 78 to 103 of 320, columns 116 to 173 of 280]
1.060E+01 1.130E+01 1.040E+01 1.020E+01 1.020E+01 1.010E+01 1.020E+01 1.030E+01 1.040E+01 1.070E+01 1.090E+01 1.080E+01 1.090E+01 1.110E+01 1.280E+01 1.120E+01 1.100E+01 1.080E+01 1.070E+01 1.060E+01 1.000E+01 -9.990E+02 -9.990E+02 -9.990E+02 -9.990E+02 -9.990E+02 -9.990E+02 -9.990E+02 -9.990E+02 -9.990E+02 -9.990E+02 -9.990E+02 -9.990E+02 -9.990E+02 -9.990E+02 -9.990E+02 -9.990E+02 -9.990E+02 9.150E+00 9.610E+00 9.860E+00 1.040E+01 9.760E+00 9.950E+00 9.720E+00 9.850E+00 9.840E+00 9.690E+00 9.880E+00 9.870E+00 9.940E+00 1.010E+01 9.990E+00 1.000E+01 1.000E+01 1.020E+01 1.070E+01 1.090E+01
1.070E+01 1.020E+01 1.030E+01 1.020E+01 1.020E+01 1.020E+01 1.030E+01 1.030E+01 1.050E+01 1.070E+01 1.110E+01 1.090E+01 1.100E+01 1.130E+01 1.320E+01 1.160E+01 1.150E+01 1.100E+01 1.080E+01 1.060E+01 1.050E+01 -9.990E+02 -9.990E+02 -9.990E+02 -9.990E+02 -9.990E+02 -9.990E+02 -9.990E+02 -9.990E+02 -9.990E+02 -9.990E+02 -9.990E+02 -9.990E+02 -9.990E+02 -9.990E+02 -9.990E+02 -9.990E+02 -9.990E+02 -9.990E+02 9.250E+00 9.570E+00 9.680E+00 9.670E+00 9.520E+00 9.580E+00 9.620E+00 9.610E+00 9.800E+00 9.920E+00 9.850E+00 9.770E+00 9.750E+00 9.970E+00 9.820E+00 9.870E+00 9.790E+00 1.000E+01 1.070E+01
1.040E+01 1.020E+01 1.020E+01 1.050E+01 1.030E+01 1.040E+01 1.040E+01 1.050E+01 1.070E+01 1.100E+01 1.120E+01 1.130E+01 1.140E+01 1.180E+01 1.370E+01 1.190E+01 1.170E+01 1.110E+01 1.100E+01 1.070E+01 1.060E+01 -9.990E+02 -9.990E+02 -9.990E+02 -9.990E+02 -9.990E+02 -9.990E+02 -9.990E+02 -9.990E+02 -9.990E+02 -9.990E+02 -9.990E+02 -9.990E+02 -9.990E+02 -9.990E+02 -9.990E+02 -9.990E+02 -9.990E+02 -9.990E+02 -9.990E+02 -9.990E+02 -9.990E+02 -9.990E+02 -9.990E+02 -9.990E+02 -9.990E+02 9.260E+00 9.510E+00 9.770E+00 9.620E+00 9.600E+00 9.590E+00 9.380E+00 -9.990E+02 -9.990E+02 -9.990E+02 -9.990E+02 1.040E+01
1.040E+01 1.030E+01 1.040E+01 1.040E+01 1.060E+01 1.070E+01 1.060E+01 1.070E+01 1.070E+01 1.080E+01 1.100E+01 1.130E+01 1.130E+01 1.170E+01 1.390E+01 1.160E+01 1.130E+01 1.110E+01 1.090E+01 1.080E+01 1.070E+01 -9.990E+02 -9.990E+02 -9.990E+02 -9.990E+02 -9.990E+02 -9.990E+02 -9.990E+02 -9.990E+02 -9.990E+02 -9.990E+02 -9.990E+02 -9.990E+02 -9.990E+02 -9.990E+02 -9.990E+02 -9.990E+02 -9.990E+02 -9.990E+02 -9.990E+02 -9.990E+02 -9.990E+02 -9.990E+02 -9.990E+02 -9.990E+02 -9.990E+02 -9.990E+02 -9.990E+02 9.270E+00 9.460E+00 9.580E+00 9.440E+00 -9.990E+02 -9.990E+02 -9.990E+02 -9.990E+02 -9.990E+02 1.080E+01
1.060E+01 1.040E+01 1.040E+01 1.040E+01 1.050E+01 1.050E+01 1.070E+01 1.070E+01 1.120E+01 1.090E+01 1.110E+01 1.130E+01 1.150E+01 1.190E+01 1.400E+01 1.170E+01 1.140E+01 1.130E+01 1.100E+01 1.090E+01 1.080E+01 -9.990E+02 -9.990E+02 -9.990E+02 -9.990E+02 -9.990E+02 -9.990E+02 -9.990E+02 -9.990E+02 -9.990E+02 -9.990E+02 -9.990E+02 -9.990E+02 -9.990E+02 -9.990E+02 -9.990E+02 -9.990E+02 -9.990E+02 -9.990E+02 -9.990E+02 -9.990E+02 -9.990E+02 -9.990E+02 -9.990E+02 -9.990E+02 -9.990E+02 -9.990E+02 -9.990E+02 -9.990E+02 -9.990E+02 -9.990E+02 -9.990E+02 -9.990E+02 -9.990E+02 -9.990E+02 -9.990E+02 1.040E+01 1.070E+01
1.050E+01 1.050E+01 1.050E+01 1.050E+01 1.050E+01 1.070E+01 1.060E+01 1.070E+01 1.080E+01 1.100E+01 1.110E+01 1.140E+01 1.190E+01 1.370E+01 1.260E+01 1.180E+01 1.150E+01 1.140E+01 1.120E+01 1.100E+01 1.090E+01 -9.990E+02 -9.990E+02 -9.990E+02 -9.990E+02 -9.990E+02 -9.990E+02 -9.990E+02 -9.990E+02 -9.990E+02 -9.990E+02 -9.990E+02 -9.990E+02 -9.990E+02 -9.990E+02 -9.990E+02 -9.990E+02 -9.990E+02 -9.990E+02 -9.990E+02 -9.990E+02 -9.990E+02 -9.990E+02 -9.990E+02 -9.990E+02 -9.990E+02 -9.990E+02 -9.990E+02 -9.990E+02 -9.990E+02 -9.990E+02 -9.990E+02 -9.990E+02 -9.990E+02 -9.990E+02 -9.990E+02 1.060E+01 1.050E+01
1.090E+01 1.070E+01 1.080E+01 1.070E+01 1.070E+01 1.090E+01 1.080E+01 1.080E+01 1.090E+01 1.110E+01 1.150E+01 1.170E+01 1.230E+01 1.430E+01 1.210E+01 1.190E+01 1.180E+01 1.160E+01 1.150E+01 1.110E+01 1.100E+01 -9.990E+02 -9.990E+02 -9.990E+02 -9.990E+02 -9.990E+02 -9.990E+02 -9.990E+02 -9.990E+02 -9.990E+02 -9.990E+02 -9.990E+02 -9.990E+02 -9.990E+02 -9.990E+02 -9.990E+02 -9.990E+02 -9.990E+02 -9.990E+02 -9.990E+02 -9.990E+02 -9.990E+02 -9.990E+02 -9.990E+02 -9.990E+02 -9.990E+02 -9.990E+02 -9.990E+02 -9.990E+02 -9.990E+02 -9.990E+02 -9.990E+02 -9.990E+02 -9.990E+02 -9.990E+02 1.040E+01 1.040E+01 1.030E+01
1.160E+01 1.120E+01 1.120E+01 1.120E+01 1.110E+01 1.120E+01 1.120E+01 1.110E+01 1.130E+01 1.140E+01 1.140E+01 1.170E+01 1.250E+01 1.340E+01 1.300E+01 1.230E+01 1.220E+01 1.210E+01 1.180E+01 1.150E+01 1.100E+01 -9.990E+02 -9.990E+02 -9.990E+02 -9.990E+02 -9.990E+02 -9.990E+02 -9.990E+02 -9.990E+02 -9.990E+02 -9.990E+02 -9.990E+02 -9.990E+02 -9.990E+02 -9.990E+02 -9.990E+02 -9.990E+02 -9.990E+02 -9.990E+02 -9.990E+02 -9.990E+02 -9.990E+02 -9.990E+02 -9.990E+02 -9.990E+02 -9.990E+02 -9.990E+02 -9.990E+02 -9.990E+02 -9.990E+02 -9.990E+02 -9.990E+02 -9.990E+02 -9.990E+02 1.040E+01 1.060E+01 1.050E+01 1.060E+01
1.210E+01 1.160E+01 1.130E+01 1.130E+01 1.110E+01 1.130E+01 1.120E+01 1.130E+01 1.120E+01 1.130E+01 1.160E+01 1.230E+01 1.180E+01 1.210E+01 1.450E+01 1.280E+01 1.310E+01 1.300E+01 1.210E+01 1.170E+01 1.100E+01 -9.990E+02 -9.990E+02 -9.990E+02 -9.990E+02 -9.990E+02 -9.990E+02 -9.990E+02 -9.990E+02 -9.990E+02 -9.990E+02 -9.990E+02 -9.990E+02 -9.990E+02 -9.990E+02 -9.990E+02 -9.990E+02 -9.990E+02 -9.990E+02 -9.990E+02 -9.990E+02 -9.990E+02 -9.990E+02 -9.990E+02 -9.990E+02 -9.990E+02 -9.990E+02 -9.990E+02 -9.990E+02 -9.990E+02 -9.990E+02 -9.990E+02 -9.990E+02 -9.990E+02 1.030E+01 1.040E+01 1.060E+01 1.060E+01
1.230E+01 1.120E+01 1.130E+01 1.130E+01 1.130E+01 1.140E+01 1.120E+01 1.130E+01 1.130E+01 1.150E+01 1.240E+01 1.180E+01 1.170E+01 1.200E+01 1.290E+01 1.520E+01 1.500E+01 1.350E+01 1.260E+01 1.190E+01 -9.990E+02 -9.990E+02 -9.990E+02 -9.990E+02 -9.990E+02 -9.990E+02 -9.990E+02 -9.990E+02 -9.990E+02 -9.990E+02 -9.990E+02 -9.990E+02 -9.990E+02 -9.990E+02 -9.990E+02 -9.990E+02 -9.990E+02 -9.990E+02 -9.990E+02 -9.990E+02 -9.990E+02 -9.990E+02 -9.990E+02 -9.990E+02 -9.990E+02 -9.990E+02 -9.990E+02 -9.990E+02 -9.990E+02 -9.990E+02 -9.990E+02 -9.990E+02 -9.990E+02 9.770E+00 1.030E+01 1.050E+01 1.060E+01 1.070E+01
1.190E+01 1.130E+01 1.110E+01 1.120E+01 1.150E+01 1.150E+01 1.170E+01 1.140E+01 1.160E+01 1.220E+01 1.180E+01 1.190E+01 1.190E+01 1.240E+01 1.300E+01 1.590E+01 1.420E+01 1.370E+01 1.310E+01 1.270E+01 1.210E+01 1.110E+01 -9.990E+02 -9.990E+02 -9.990E+02 -9.990E+02 -9.990E+02 -9.990E+02 -9.990E+02 -9.990E+02 -9.990E+02 -9.990E+02 -9.990E+02 -9.990E+02 -9.990E+02 -9.990E+02 -9.990E+02 -9.990E+02 -9.990E+02 -9.990E+02 -9.990E+02 -9.990E+02 -9.990E+02 -9.990E+02 -9.990E+02 -9.990E+02 -9.990E+02 -9.990E+02 -9.990E+02 -9.990E+02 -9.990E+02 -9.990E+02 -9.990E+02 9.940E+00 1.040E+01 1.050E+01 1.120E+01 1.090E+01
1.170E+01 1.170E+01 1.140E+01 1.140E+01 1.140E+01 1.190E+01 1.190E+01 1.200E+01 1.230E+01 1.210E+01 1.180E+01 1.190E+01 1.200E+01 1.230E+01 1.320E+01 1.660E+01 1.530E+01 1.390E+01 1.250E+01 1.260E+01 1.200E+01 1.110E+01 -9.990E+02 -9.990E+02 -9.990E+02 -9.990E+02 -9.990E+02 -9.990E+02 -9.990E+02 -9.990E+02 -9.990E+02 -9.990E+02 -9.990E+02 -9.990E+02 -9.990E+02 -9.990E+02 -9.990E+02 -9.990E+02 -9.990E+02 -9.990E+02 -9.990E+02 -9.990E+02 -9.990E+02 -9.990E+02 -9.990E+02 -9.990E+02 -9.990E+02 -9.990E+02 -9.990E+02 -9.990E+02 -9.990E+02 -9.990E+02 -9.990E+02 1.000E+01 1.040E+01 1.060E+01 1.070E+01 1.090E+01
1.190E+01 1.250E+01 1.180E+01 1.200E+01 1.190E+01 1.190E+01 1.200E+01 1.280E+01 1.230E+01 1.220E+01 1.220E+01 1.250E+01 1.240E+01 1.270E+01 1.350E+01 1.670E+01 1.420E+01 1.260E+01 1.210E+01 1.240E+01 1.180E+01 1.190E+01 1.120E+01 -9.990E+02 -9.990E+02 1.120E+01 1.140E+01 1.130E+01 1.100E+01 1.040E+01 1.030E+01 -9.990E+02 -9.990E+02 -9.990E+02 -9.990E+02 -9.990E+02 -9.990E+02 -9.990E+02 -9.990E+02 -9.990E+02 -9.990E+02 -9.990E+02 -9.990E+02 -9.990E+02 -9.990E+02 -9.990E+02 -9.990E+02 -9.990E+02 -9.990E+02 -9.990E+02 -9.990E+02 -9.990E+02 -9.990E+02 1.050E+01 1.050E+01 1.070E+01 1.100E+01 1.080E+01
1.180E+01 1.270E+01 1.280E+01 1.180E+01 1.180E+01 1.200E+01 1.300E+01 1.210E+01 1.180E+01 1.200E+01 1.190E+01 1.200E+01 1.210E+01 1.250E+01 1.420E+01 1.410E+01 1.260E+01 1.230E+01 1.200E+01 1.200E+01 1.230E+01 1.200E+01 1.190E+01 1.150E+01 1.140E+01 1.180E+01 1.210E+01 1.220E+01 1.140E+01 1.100E+01 1.070E+01 1.050E+01 -9.990E+02 -9.990E+02 -9.990E+02 -9.990E+02 -9.990E+02 -9.990E+02 -9.990E+02 -9.990E+02 -9.990E+02 -9.990E+02 -9.990E+02 -9.990E+02 -9.990E+02 -9.990E+02 -9.990E+02 -9.990E+02 -9.990E+02 -9.990E+02 -9.990E+02 -9.990E+02 -9.990E+02 1.020E+01 1.050E+01 1.060E+01 1.100E+01 1.080E+01
1.220E+01 1.240E+01 1.320E+01 1.240E+01 1.230E+01 1.280E+01 1.240E+01 1.180E+01 1.180E+01 1.170E+01 1.200E+01 1.210E+01 1.220E+01 1.250E+01 1.480E+01 1.280E+01 1.240E+01 1.220E+01 1.210E+01 1.210E+01 1.250E+01 1.220E+01 1.210E+01 1.230E+01 1.230E+01 1.230E+01 1.180E+01 1.160E+01 1.160E+01 1.110E+01 1.090E+01 1.070E+01 1.050E+01 -9.990E+02 -9.990E+02 -9.990E+02 -9.990E+02 -9.990E+02 -9.990E+02 -9.990E+02 -9.990E+02 -9.990E+02 -9.990E+02 -9.990E+02 -9.990E+02 -9.990E+02 -9.990E+02 -9.990E+02 -9.990E+02 -9.990E+02 -9.990E+02 -9.990E+02 -9.990E+02 1.020E+01 1.050E+01 1.070E+01 1.170E+01 1.090E+01
1.210E+01 1.250E+01 1.390E+01 1.460E+01 1.370E+01 1.270E+01 1.210E+01 1.190E+01 1.200E+01 1.180E+01 1.190E+01 1.180E+01 1.230E+01 1.260E+01 1.520E+01 1.290E+01 1.260E+01 1.250E+01 1.220E+01 1.220E+01 1.200E+01 1.260E+01 1.220E+01 1.240E+01 1.280E+01 1.220E+01 1.190E+01 1.170E+01 1.170E+01 1.120E+01 1.110E+01 1.120E+01 1.050E+01 -9.990E+02 -9.990E+02 -9.990E+02 -9.990E+02 -9.990E+02 -9.990E+02 -9.990E+02 -9.990E+02 -9.990E+02 -9.990E+02 -9.990E+02 -9.990E+02 -9.990E+02 -9.990E+02 -9.990E+02 -9.990E+02 -9.990E+02 -9.990E+02 -9.990E+02 -9.990E+02 1.030E+01 1.050E+01 1.080E+01 1.110E+01 1.110E+01
1.280E+01 1.560E+01 1.550E+01 1.380E+01 1.320E+01 1.230E+01 1.280E+01 1.220E+01 1.230E+01 1.200E+01 1.200E+01 1.200E+01 1.210E+01 1.250E+01 1.570E+01 1.290E+01 1.240E+01 1.230E+01 1.220E+01 1.210E+01 1.210E+01 1.240E+01 1.260E+01 1.280E+01 1.310E+01 1.250E+01 1.200E+01 1.180E+01 1.180E+01 1.180E+01 1.150E+01 1.200E+01 1.090E+01 -9.990E+02 -9.990E+02 -9.990E+02 -9.990E+02 -9.990E+02 -9.990E+02 -9.990E+02 -9.990E+02 -9.990E+02 -9.990E+02 -9.990E+02 -9.990E+02 -9.990E+02 -9.990E+02 -9.990E+02 -9.990E+02 -9.990E+02 -9.990E+02 -9.990E+02 9.830E+00 1.030E+01 1.060E+01 1.080E+01 1.110E+01 1.110E+01
1.510E+01 1.440E+01 1.380E+01 1.290E+01 1.260E+01 1.320E+01 1.330E+01 1.300E+01 1.300E+01 1.330E+01 1.260E+01 1.220E+01 1.240E+01 1.290E+01 1.560E+01 1.320E+01 1.280E+01 1.240E+01 1.220E+01 1.240E+01 1.220E+01 1.250E+01 1.290E+01 1.260E+01 1.250E+01 1.250E+01 1.280E+01 1.240E+01 1.240E+01 1.270E+01 1.260E+01 1.330E+01 1.200E+01 1.110E+01 -9.990E+02 -9.990E+02 -9.990E+02 -9.990E+02 -9.990E+02 -9.990E+02 -9.990E+02 -9.990E+02 -9.990E+02 -9.990E+02 -9.990E+02 -9.990E+02 -9.990E+02 -9.990E+02 -9.990E+02 -9.990E+02 -9.990E+02 -9.990E+02 9.870E+00 1.040E+01 1.080E+01 1.100E+01 1.140E+01 1.120E+01
1.360E+01 1.550E+01 1.390E+01 1.280E+01 1.240E+01 1.230E+01 1.210E+01 1.210E+01 1.250E+01 1.230E+01 1.270E+01 1.340E+01 1.360E+01 1.400E+01 1.660E+01 1.290E+01 1.250E+01 1.260E+01 1.250E+01 1.250E+01 1.270E+01 1.310E+01 1.420E+01 1.460E+01 1.410E+01 1.370E+01 1.280E+01 1.320E+01 1.390E+01 1.270E+01 1.200E+01 1.360E+01 1.220E+01 -9.990E+02 -9.990E+02 -9.990E+02 -9.990E+02 -9.990E+02 -9.990E+02 -9.990E+02 -9.990E+02 -9.990E+02 -9.990E+02 -9.990E+02 -9.990E+02 -9.990E+02 -9.990E+02 -9.990E+02 -9.990E+02 -9.990E+02 -9.990E+02 -9.990E+02 9.970E+00 1.050E+01 1.090E+01 1.120E+01 1.180E+01 1.150E+01
1.320E+01 1.490E+01 1.330E+01 1.340E+01 1.250E+01 1.210E+01 1.210E+01 1.220E+01 1.240E+01 1.200E+01 1.210E+01 1.240E+01 1.250E+01 1.270E+01 1.630E+01 1.280E+01 1.300E+01 1.280E+01 1.260E+01 1.370E+01 1.450E+01 1.370E+01 1.250E+01 1.240E+01 1.290E+01 1.240E+01 1.240E+01 1.250E+01 1.310E+01 1.290E+01 1.270E+01 1.270E+01 1.170E+01 1.130E+01 1.070E+01 -9.990E+02 -9.990E+02 -9.990E+02 -9.990E+02 -9.990E+02 -9.990E+02 -9.990E+02 -9.990E+02 -9.990E+02 -9.990E+02 -9.990E+02 -9.990E+02 -9.990E+02 -9.990E+02 -9.990E+02 -9.990E+02 -9.990E+02 1.010E+01 1.060E+01 1.120E+01 1.160E+01 1.420E+01 1.180E+01
1.330E+01 1.510E+01 1.400E+01 1.320E+01 1.290E+01 1.220E+01 1.240E+01 1.220E+01 1.200E+01 1.210E+01 1.210E+01 1.230E+01 1.240E+01 1.260E+01 1.600E+01 1.340E+01 1.300E+01 1.290E+01 1.450E+01 1.380E+01 1.270E+01 1.250E+01 1.220E+01 1.210E+01 1.210E+01 1.290E+01 1.330E+01 1.290E+01 1.220E+01 1.130E+01 -9.990E+02 1.100E+01 1.070E+01 1.030E+01 1.030E+01 1.080E+01 1.050E+01 -9.990E+02 -9.990E+02 -9.990E+02 -9.990E+02 -9.990E+02 -9.990E+02 -9.990E+02 -9.990E+02 -9.990E+02 -9.990E+02 -9.990E+02 -9.990E+02 -9.990E+02 -9.990E+02 -9.990E+02 1.020E+01 1.060E+01 1.120E+01 1.210E+01 1.240E+01 1.200E+01
1.660E+01 1.500E+01 1.400E+01 1.290E+01 1.280E+01 1.300E+01 1.300E+01 1.210E+01 1.210E+01 1.220E+01 1.200E+01 1.230E+01 1.230E+01 1.270E+01 1.510E+01 1.750E+01 1.600E+01 1.540E+01 1.360E+01 1.310E+01 1.240E+01 1.240E+01 1.230E+01 1.230E+01 1.290E+01 1.310E+01 1.290E+01 1.190E+01 1.170E+01 1.110E+01 -9.990E+02 -9.990E+02 -9.990E+02 -9.990E+02 -9.990E+02 -9.990E+02 1.000E+01 1.070E+01 -9.990E+02 -9.990E+02 -9.990E+02 -9.990E+02 -9.990E+02 -9.990E+02 -9.990E+02 -9.990E+02 -9.990E+02 -9.990E+02 -9.990E+02 -9.990E+02 -9.990E+02 -9.990E+02 1.030E+01 1.110E+01 1.190E+01 1.460E+01 1.220E+01 1.220E+01
1.520E+01 1.520E+01 1.340E+01 1.290E+01 1.260E+01 1.240E+01 1.230E+01 1.270E+01 1.250E+01 1.240E+01 1.220E+01 1.230E+01 1.240E+01 1.270E+01 1.360E+01 1.780E+01 1.490E+01 1.510E+01 1.390E+01 1.340E+01 1.260E+01 1.200E+01 1.240E+01 1.260E+01 1.170E+01 1.180E+01 1.200E+01 1.200E+01 1.130E+01 1.080E+01 -9.990E+02 -9.990E+02 -9.990E+02 -9.990E+02 -9.990E+02 -9.990E+02 -9.990E+02 9.960E+00 1.070E+01 -9.990E+02 -9.990E+02 -9.990E+02 -9.990E+02 -9.990E+02 -9.990E+02 -9.990E+02 -9.990E+02 -9.990E+02 -9.990E+02 -9.990E+02 -9.990E+02 -9.990E+02 1.060E+01 1.230E+01 1.270E+01 1.230E+01 1.240E+01 1.220E+01
1.420E+01 1.470E+01 1.360E+01 1.300E+01 1.270E+01 1.230E+01 1.240E+01 1.260E+01 1.250E+01 1.240E+01 1.220E+01 1.240E+01 1.280E+01 1.320E+01 1.440E+01 1.860E+01 1.640E+01 1.710E+01 1.470E+01 1.370E+01 1.310E+01 1.270E+01 1.220E+01 1.190E+01 1.150E+01 1.150E+01 1.140E+01 1.120E+01 1.110E+01 -9.990E+02 -9.990E+02 -9.990E+02 -9.990E+02 -9.990E+02 -9.990E+02 -9.990E+02 -9.990E+02 -9.990E+02 9.970E+00 1.060E+01 -9.990E+02 -9.990E+02 -9.990E+02 -9.990E+02 -9.990E+02 -9.990E+02 -9.990E+02 -9.990E+02 -9.990E+02 -9.990E+02 -9.990E+02 -9.990E+02 -9.990E+02 1.150E+01 1.300E+01 1.270E+01 1.250E+01 1.270E+01
1.430E+01 1.350E+01 1.310E+01 1.280E+01 1.250E+01 1.240E+01 1.230E+01 1.210E+01 1.260E+01 1.290E+01 1.250E+01 1.250E+01 1.290E+01 1.410E+01 1.990E+01 1.870E+01 1.610E+01 1.430E+01 1.470E+01 1.420E+01 1.230E+01 1.180E+01 1.150E+01 1.140E+01 1.100E+01 1.130E+01 1.100E+01 1.080E+01 -9.990E+02 -9.990E+02 -9.990E+02 -9.990E+02 -9.990E+02 -9.990E+02 -9.990E+02 -9.990E+02 -9.990E+02 -9.990E+02 -9.990E+02 1.010E+01 1.040E+01 -9.990E+02 -9.990E+02 -9.990E+02 -9.990E+02 -9.990E+02 -9.990E+02 -9.990E+02 -9.990E+02 -9.990E+02 -9.990E+02 -9.990E+02 -9.990E+02 -9.990E+02 1.140E+01 1.170E+01 1.180E+01 1.250E+01
1.420E+01 1.320E+01 1.300E+01 1.280E+01 1.300E+01 1.260E+01 1.230E+01 1.230E+01 1.250E+01 1.300E+01 1.270E+01 1.290E+01 1.370E+01 2.070E+01 1.510E+01 1.390E+01 1.320E+01 1.270E+01 -9.990E+02 1.190E+01 1.160E+01 1.150E+01 1.120E+01 1.100E+01 1.080E+01 1.060E+01 1.080E+01 -9.990E+02 -9.990E+02 -9.990E+02 -9.990E+02 -9.990E+02 -9.990E+02 -9.990E+02 -9.990E+02 -9.990E+02 -9.990E+02 -9.990E+02 -9.990E+02 9.810E+00 1.060E+01 9.950E+00 -9.990E+02 -9.990E+02 -9.990E+02 -9.990E+02 -9.990E+02 -9.990E+02 -9.990E+02 -9.990E+02 -9.990E+02 -9.990E+02 -9.990E+02 -9.990E+02 -9.990E+02 1.170E+01 1.200E+01 1.270E+01
