Data/conc_no2_2013/conc_no2_2013.asc
NCOLS          280
NROWS          320
XLLCORNER            0
YLLCORNER       300000
CELLSIZE         1000
NODATA_VALUE  -9.990E+02
[rows 130 to 155 of 320, columns 174 to 231 of 280]
-9.990E+02 1.230E+01 -9.990E+02 1.200E+01 1.230E+01 1.240E+01 1.260E+01 1.270E+01 1.330E+01 1.310E+01 1.290E+01 1.340E+01 1.840E+01 1.580E+01 1.260E+01 1.220E+01 1.280E+01 1.210E+01 1.230E+01 1.240E+01 1.250E+01 1.280E+01 1.340E+01 1.860E+01 1.460E+01 1.520E+01 1.380E+01 1.340E+01 1.340E+01 1.340E+01 1.340E+01 1.430E+01 1.350E+01 1.310E+01 1.310E+01 1.320E+01 1.320E+01 1.320E+01 1.320E+01 1.370E+01 1.460E+01 1.470E+01 1.540E+01 1.370E+01 1.350E+01 1.350E+01 1.310E+01 1.310E+01 1.320E+01 1.280E+01 1.240E+01 1.270E+01 1.290E+01 1.400E+01 1.310E+01 1.330E+01 1.260E+01 1.270E+01
-9.990E+02 1.220E+01 1.230E+01 1.240E+01 1.250E+01 1.290E+01 1.280E+01 1.380E+01 1.430E+01 1.400E+01 1.510E+01 1.800E+01 1.310E+01 1.250E+01 1.210E+01 1.180E+01 1.250E+01 1.240E+01 1.230E+01 1.240E+01 1.250E+01 1.290E+01 1.350E+01 1.820E+01 1.630E+01 1.540E+01 1.380E+01 1.350E+01 1.340E+01 1.340E+01 1.360E+01 1.470E+01 1.380E+01 1.370E+01 1.410E+01 1.380E+01 1.360E+01 1.450E+01 1.430E+01 1.410E+01 1.430E+01 1.460E+01 1.490E+01 1.510E+01 1.460E+01 1.460E+01 1.340E+01 1.310E+01 1.310E+01 1.300E+01 1.280E+01 1.300E+01 1.300E+01 1.360E+01 1.400E+01 1.390E+01 1.290E+01 1.280E+01
1.270E+01 1.270E+01 1.260E+01 1.260E+01 1.270E+01 1.310E+01 1.420E+01 1.570E+01 1.490E+01 1.440E+01 1.920E+01 1.340E+01 1.260E+01 1.200E+01 1.180E+01 1.220E+01 1.230E+01 1.250E+01 1.230E+01 1.240E+01 1.260E+01 1.310E+01 1.350E+01 1.510E+01 2.110E+01 1.500E+01 1.420E+01 1.380E+01 1.390E+01 1.370E+01 1.400E+01 1.350E+01 1.340E+01 1.330E+01 1.350E+01 1.410E+01 1.420E+01 1.420E+01 1.340E+01 1.370E+01 1.410E+01 1.390E+01 1.360E+01 1.380E+01 1.380E+01 1.350E+01 1.460E+01 1.410E+01 1.420E+01 1.430E+01 1.400E+01 1.380E+01 1.400E+01 1.400E+01 1.480E+01 1.360E+01 1.310E+01 1.320E+01
1.330E+01 1.300E+01 1.290E+01 1.310E+01 1.350E+01 1.360E+01 1.520E+01 1.930E+01 1.930E+01 1.880E+01 1.420E+01 1.270E+01 1.280E+01 1.190E+01 1.210E+01 1.220E+01 1.220E+01 1.260E+01 1.240E+01 1.250E+01 1.280E+01 1.350E+01 1.400E+01 1.700E+01 2.070E+01 1.510E+01 1.490E+01 1.380E+01 1.390E+01 1.350E+01 1.390E+01 1.340E+01 1.330E+01 1.340E+01 1.410E+01 1.360E+01 1.340E+01 1.310E+01 1.340E+01 1.370E+01 1.550E+01 1.380E+01 1.350E+01 1.350E+01 1.290E+01 1.290E+01 1.310E+01 1.310E+01 1.380E+01 1.310E+01 1.290E+01 1.290E+01 1.310E+01 1.460E+01 1.570E+01 1.480E+01 1.480E+01 1.460E+01
1.400E+01 1.370E+01 1.360E+01 1.400E+01 1.520E+01 1.940E+01 1.770E+01 1.360E+01 1.380E+01 1.310E+01 1.270E+01 1.240E+01 1.230E+01 1.260E+01 1.260E+01 1.260E+01 1.260E+01 1.290E+01 1.310E+01 1.290E+01 1.320E+01 1.400E+01 1.460E+01 1.620E+01 2.090E+01 1.510E+01 1.450E+01 1.380E+01 1.370E+01 1.390E+01 1.380E+01 1.340E+01 1.330E+01 1.330E+01 1.340E+01 1.340E+01 1.340E+01 1.340E+01 1.360E+01 1.430E+01 1.380E+01 1.430E+01 1.330E+01 1.330E+01 1.310E+01 1.300E+01 1.290E+01 1.300E+01 1.280E+01 1.280E+01 1.270E+01 1.270E+01 1.300E+01 1.320E+01 1.390E+01 1.440E+01 1.430E+01 1.340E+01
1.550E+01 1.440E+01 1.550E+01 1.960E+01 1.830E+01 1.330E+01 1.310E+01 1.280E+01 1.300E+01 1.250E+01 1.230E+01 1.240E+01 1.230E+01 1.220E+01 1.210E+01 1.220E+01 1.230E+01 1.230E+01 1.280E+01 1.320E+01 1.490E+01 1.580E+01 1.520E+01 2.060E+01 1.690E+01 1.470E+01 1.420E+01 1.370E+01 1.370E+01 1.420E+01 1.410E+01 1.340E+01 1.320E+01 1.310E+01 1.320E+01 1.320E+01 1.330E+01 1.410E+01 1.380E+01 1.340E+01 1.340E+01 1.420E+01 1.400E+01 1.330E+01 1.310E+01 1.300E+01 1.270E+01 1.280E+01 1.260E+01 1.270E+01 1.250E+01 1.260E+01 1.260E+01 1.280E+01 1.280E+01 1.350E+01 1.390E+01 1.380E+01
2.020E+01 1.910E+01 1.720E+01 1.360E+01 1.290E+01 1.280E+01 1.260E+01 1.230E+01 1.280E+01 1.240E+01 1.230E+01 1.240E+01 1.220E+01 1.210E+01 1.210E+01 1.180E+01 1.200E+01 1.240E+01 1.280E+01 1.440E+01 1.400E+01 1.570E+01 1.570E+01 2.110E+01 1.550E+01 1.440E+01 1.420E+01 1.380E+01 1.400E+01 1.500E+01 1.450E+01 1.350E+01 1.330E+01 1.320E+01 1.310E+01 1.310E+01 1.360E+01 1.390E+01 1.360E+01 1.340E+01 1.360E+01 1.400E+01 1.460E+01 1.340E+01 1.330E+01 1.330E+01 1.300E+01 1.260E+01 1.280E+01 1.260E+01 1.250E+01 1.280E+01 1.270E+01 1.280E+01 1.280E+01 1.320E+01 1.410E+01 1.400E+01
1.440E+01 1.380E+01 1.330E+01 1.290E+01 1.280E+01 1.250E+01 1.240E+01 1.190E+01 1.260E+01 1.170E+01 1.250E+01 1.240E+01 1.220E+01 1.230E+01 1.220E+01 1.220E+01 1.240E+01 1.260E+01 1.270E+01 1.320E+01 1.350E+01 1.450E+01 1.520E+01 2.150E+01 1.570E+01 1.460E+01 1.440E+01 1.400E+01 1.400E+01 1.480E+01 1.360E+01 1.390E+01 1.330E+01 1.330E+01 1.320E+01 1.330E+01 1.360E+01 1.360E+01 1.350E+01 1.360E+01 1.350E+01 1.360E+01 1.390E+01 1.400E+01 1.430E+01 1.410E+01 1.320E+01 1.280E+01 1.290E+01 1.290E+01 1.260E+01 1.290E+01 1.290E+01 1.290E+01 1.280E+01 1.320E+01 1.450E+01 1.460E+01
1.390E+01 1.320E+01 1.300E+01 1.290E+01 1.260E+01 1.250E+01 1.190E+01 1.200E+01 1.200E+01 1.180E+01 1.210E+01 1.240E+01 1.230E+01 1.220E+01 1.230E+01 1.190E+01 1.220E+01 1.370E+01 1.280E+01 1.290E+01 1.380E+01 1.510E+01 1.510E+01 2.160E+01 1.620E+01 1.460E+01 1.470E+01 1.390E+01 1.380E+01 1.450E+01 1.370E+01 1.340E+01 1.330E+01 1.340E+01 1.350E+01 1.320E+01 1.380E+01 1.350E+01 1.340E+01 1.350E+01 1.360E+01 1.380E+01 1.340E+01 1.380E+01 1.370E+01 1.350E+01 1.430E+01 1.360E+01 1.290E+01 1.290E+01 1.300E+01 1.290E+01 1.290E+01 1.300E+01 1.300E+01 1.340E+01 1.440E+01 1.610E+01
1.450E+01 1.330E+01 1.300E+01 1.280E+01 1.270E+01 1.260E+01 1.200E+01 1.190E+01 1.210E+01 1.190E+01 1.180E+01 1.230E+01 1.230E+01 1.240E+01 1.240E+01 1.230E+01 1.250E+01 1.280E+01 1.290E+01 1.320E+01 1.400E+01 1.490E+01 1.550E+01 2.170E+01 1.610E+01 1.470E+01 1.430E+01 1.390E+01 1.380E+01 1.420E+01 1.370E+01 1.370E+01 1.360E+01 1.350E+01 1.360E+01 1.360E+01 1.420E+01 1.390E+01 1.370E+01 1.380E+01 1.390E+01 1.370E+01 1.370E+01 1.370E+01 1.370E+01 1.360E+01 1.340E+01 1.370E+01 1.390E+01 1.310E+01 1.330E+01 1.320E+01 1.310E+01 1.320E+01 1.340E+01 1.380E+01 1.560E+01 1.680E+01
1.430E+01 1.350E+01 1.310E+01 1.300E+01 1.230E+01 1.230E+01 1.220E+01 1.260E+01 1.250E+01 1.240E+01 1.230E+01 1.230E+01 1.230E+01 1.240E+01 1.240E+01 1.240E+01 1.260E+01 1.270E+01 1.270E+01 1.330E+01 1.390E+01 1.470E+01 1.500E+01 2.210E+01 1.650E+01 1.480E+01 1.430E+01 1.400E+01 1.400E+01 1.420E+01 1.420E+01 1.410E+01 1.400E+01 1.400E+01 1.410E+01 1.420E+01 1.510E+01 1.510E+01 1.410E+01 1.390E+01 1.400E+01 1.390E+01 1.410E+01 1.440E+01 1.370E+01 1.370E+01 1.360E+01 1.360E+01 1.380E+01 1.400E+01 1.350E+01 1.350E+01 1.340E+01 1.360E+01 1.400E+01 1.460E+01 1.470E+01 1.480E+01
1.310E+01 1.370E+01 1.310E+01 1.270E+01 1.250E+01 1.230E+01 1.260E+01 1.280E+01 1.360E+01 1.280E+01 1.260E+01 1.240E+01 1.240E+01 1.240E+01 1.240E+01 1.240E+01 1.270E+01 1.280E+01 1.300E+01 1.370E+01 1.500E+01 1.500E+01 1.630E+01 2.260E+01 1.640E+01 1.500E+01 1.440E+01 1.430E+01 1.400E+01 1.420E+01 1.460E+01 1.440E+01 1.460E+01 1.460E+01 1.440E+01 1.500E+01 1.510E+01 1.520E+01 1.430E+01 1.420E+01 1.450E+01 1.460E+01 1.580E+01 1.430E+01 1.400E+01 1.440E+01 1.380E+01 1.390E+01 1.390E+01 1.440E+01 1.390E+01 1.410E+01 1.410E+01 1.420E+01 1.420E+01 1.440E+01 1.510E+01 1.490E+01
1.310E+01 1.360E+01 1.360E+01 1.260E+01 1.300E+01 1.300E+01 1.250E+01 1.250E+01 1.300E+01 1.290E+01 1.270E+01 1.250E+01 1.250E+01 1.240E+01 1.250E+01 1.260E+01 1.280E+01 1.300E+01 1.300E+01 1.410E+01 1.520E+01 1.440E+01 1.580E+01 2.200E+01 1.610E+01 1.540E+01 1.470E+01 1.450E+01 1.430E+01 1.430E+01 1.460E+01 1.470E+01 1.480E+01 1.530E+01 1.480E+01 1.500E+01 1.470E+01 1.560E+01 1.450E+01 1.430E+01 1.430E+01 1.440E+01 1.410E+01 1.430E+01 1.420E+01 1.420E+01 1.430E+01 1.440E+01 1.510E+01 1.520E+01 1.580E+01 1.570E+01 1.580E+01 1.460E+01 1.500E+01 1.550E+01 2.120E+01 2.110E+01
1.340E+01 1.320E+01 1.310E+01 1.490E+01 1.320E+01 1.310E+01 1.250E+01 1.240E+01 1.290E+01 1.290E+01 1.270E+01 1.260E+01 1.250E+01 1.250E+01 1.260E+01 1.260E+01 1.300E+01 1.300E+01 1.330E+01 1.380E+01 1.480E+01 1.470E+01 1.610E+01 2.230E+01 1.670E+01 1.600E+01 1.470E+01 1.450E+01 1.430E+01 1.440E+01 1.530E+01 1.580E+01 1.640E+01 1.680E+01 1.640E+01 1.580E+01 1.520E+01 1.610E+01 1.500E+01 1.480E+01 1.480E+01 1.450E+01 1.420E+01 1.420E+01 1.480E+01 1.560E+01 1.550E+01 1.570E+01 1.470E+01 1.460E+01 1.540E+01 1.490E+01 1.520E+01 1.540E+01 1.820E+01 2.170E+01 1.650E+01 1.480E+01
1.350E+01 1.330E+01 1.290E+01 1.310E+01 1.350E+01 1.280E+01 1.270E+01 1.280E+01 1.340E+01 1.300E+01 1.290E+01 1.260E+01 1.260E+01 1.270E+01 1.270E+01 1.280E+01 1.300E+01 1.320E+01 1.350E+01 1.440E+01 1.450E+01 1.530E+01 2.080E+01 1.790E+01 1.600E+01 1.520E+01 1.480E+01 1.480E+01 1.470E+01 1.470E+01 1.530E+01 1.630E+01 1.670E+01 1.710E+01 1.910E+01 1.710E+01 1.690E+01 1.720E+01 1.580E+01 1.520E+01 1.520E+01 1.500E+01 1.550E+01 1.500E+01 1.500E+01 1.510E+01 1.500E+01 1.510E+01 1.500E+01 1.520E+01 1.700E+01 1.630E+01 1.590E+01 2.160E+01 2.090E+01 1.510E+01 1.460E+01 1.420E+01
1.340E+01 1.330E+01 1.330E+01 1.280E+01 1.290E+01 1.360E+01 1.310E+01 1.340E+01 1.360E+01 1.310E+01 1.300E+01 1.290E+01 1.280E+01 1.290E+01 1.290E+01 1.290E+01 1.330E+01 1.340E+01 1.380E+01 1.460E+01 1.480E+01 1.570E+01 1.870E+01 2.100E+01 1.670E+01 1.570E+01 1.520E+01 1.580E+01 1.500E+01 1.510E+01 1.560E+01 1.640E+01 1.760E+01 1.850E+01 1.960E+01 1.970E+01 1.780E+01 1.680E+01 1.610E+01 1.590E+01 1.620E+01 1.670E+01 1.650E+01 1.670E+01 1.670E+01 1.660E+01 1.660E+01 1.610E+01 1.660E+01 1.710E+01 2.320E+01 2.410E+01 2.450E+01 1.870E+01 1.560E+01 1.480E+01 1.440E+01 1.430E+01
1.340E+01 1.340E+01 1.340E+01 1.280E+01 1.300E+01 1.390E+01 1.350E+01 1.310E+01 1.260E+01 1.270E+01 1.270E+01 1.300E+01 1.230E+01 1.300E+01 1.310E+01 1.310E+01 1.350E+01 1.380E+01 1.390E+01 1.490E+01 1.530E+01 1.660E+01 1.880E+01 2.380E+01 1.710E+01 1.600E+01 1.560E+01 1.540E+01 1.500E+01 1.520E+01 1.600E+01 1.680E+01 1.760E+01 2.060E+01 2.090E+01 1.910E+01 1.990E+01 1.840E+01 1.770E+01 1.800E+01 1.820E+01 2.400E+01 2.420E+01 2.620E+01 2.480E+01 2.520E+01 2.520E+01 2.500E+01 2.540E+01 2.510E+01 1.940E+01 1.640E+01 1.570E+01 1.500E+01 1.450E+01 1.510E+01 1.430E+01 1.460E+01
1.380E+01 1.370E+01 1.380E+01 1.320E+01 1.370E+01 1.340E+01 1.400E+01 1.330E+01 1.280E+01 1.270E+01 1.340E+01 1.320E+01 1.270E+01 1.310E+01 1.340E+01 1.340E+01 1.380E+01 1.400E+01 1.450E+01 1.610E+01 1.830E+01 1.860E+01 1.740E+01 2.340E+01 1.750E+01 1.650E+01 1.610E+01 1.600E+01 1.590E+01 1.670E+01 1.680E+01 1.720E+01 1.840E+01 1.970E+01 2.260E+01 2.760E+01 2.480E+01 2.620E+01 2.560E+01 2.700E+01 2.690E+01 1.940E+01 1.670E+01 1.640E+01 1.620E+01 1.630E+01 1.650E+01 1.620E+01 1.660E+01 1.610E+01 1.610E+01 1.540E+01 1.460E+01 1.450E+01 1.430E+01 1.430E+01 1.470E+01 1.440E+01
1.330E+01 1.360E+01 1.340E+01 1.440E+01 1.310E+01 1.320E+01 1.320E+01 1.430E+01 1.350E+01 1.300E+01 1.360E+01 1.360E+01 1.390E+01 1.390E+01 1.400E+01 1.420E+01 1.440E+01 1.470E+01 1.500E+01 1.830E+01 1.740E+01 1.820E+01 1.710E+01 2.050E+01 2.070E+01 1.750E+01 1.620E+01 1.580E+01 1.590E+01 1.720E+01 1.720E+01 1.910E+01 2.360E+01 3.090E+01 2.880E+01 1.940E+01 1.750E+01 1.670E+01 1.670E+01 1.680E+01 1.660E+01 1.630E+01 1.480E+01 1.490E+01 1.490E+01 1.490E+01 1.500E+01 1.490E+01 1.490E+01 1.550E+01 1.480E+01 1.440E+01 1.440E+01 1.480E+01 1.410E+01 1.390E+01 1.410E+01 1.420E+01
1.390E+01 1.390E+01 1.430E+01 1.380E+01 1.340E+01 1.330E+01 1.390E+01 1.530E+01 1.420E+01 1.410E+01 1.400E+01 1.410E+01 1.370E+01 1.370E+01 1.380E+01 1.400E+01 1.460E+01 1.520E+01 1.620E+01 1.820E+01 1.740E+01 1.750E+01 1.860E+01 1.810E+01 2.350E+01 1.780E+01 1.690E+01 1.690E+01 1.730E+01 1.820E+01 2.110E+01 2.950E+01 2.670E+01 1.870E+01 1.770E+01 1.720E+01 1.680E+01 1.570E+01 1.520E+01 1.520E+01 1.510E+01 1.490E+01 1.460E+01 1.450E+01 1.450E+01 1.450E+01 1.500E+01 1.460E+01 1.470E+01 1.490E+01 1.400E+01 1.410E+01 1.400E+01 1.390E+01 1.380E+01 1.390E+01 1.510E+01 1.440E+01
1.410E+01 1.400E+01 1.460E+01 1.410E+01 1.390E+01 1.390E+01 1.330E+01 1.510E+01 1.440E+01 1.430E+01 1.420E+01 1.350E+01 1.340E+01 1.310E+01 1.390E+01 1.400E+01 1.510E+01 1.600E+01 1.770E+01 1.850E+01 1.930E+01 2.050E+01 1.910E+01 1.930E+01 2.310E+01 1.820E+01 1.800E+01 1.860E+01 2.080E+01 2.870E+01 2.620E+01 1.860E+01 1.700E+01 1.640E+01 1.580E+01 1.580E+01 1.600E+01 1.480E+01 1.490E+01 1.480E+01 1.470E+01 1.450E+01 1.430E+01 1.470E+01 1.450E+01 1.450E+01 1.450E+01 1.450E+01 1.500E+01 1.430E+01 1.400E+01 1.380E+01 1.380E+01 1.390E+01 1.380E+01 1.380E+01 1.380E+01 1.410E+01
1.460E+01 1.460E+01 1.510E+01 1.490E+01 1.450E+01 1.450E+01 1.460E+01 1.630E+01 1.880E+01 1.900E+01 1.890E+01 1.560E+01 1.380E+01 1.330E+01 1.400E+01 1.430E+01 1.540E+01 1.610E+01 1.800E+01 1.860E+01 1.890E+01 1.860E+01 1.890E+01 1.830E+01 2.440E+01 2.160E+01 2.720E+01 2.800E+01 2.590E+01 1.830E+01 1.690E+01 1.620E+01 1.580E+01 1.560E+01 1.550E+01 1.530E+01 1.590E+01 1.490E+01 1.450E+01 1.440E+01 1.450E+01 1.440E+01 1.410E+01 1.410E+01 1.440E+01 1.490E+01 1.450E+01 1.450E+01 1.510E+01 1.380E+01 1.390E+01 1.350E+01 1.370E+01 1.370E+01 1.400E+01 1.380E+01 1.380E+01 1.420E+01
1.540E+01 1.580E+01 2.080E+01 1.970E+01 1.940E+01 1.930E+01 1.950E+01 1.930E+01 1.510E+01 1.430E+01 1.430E+01 1.880E+01 1.660E+01 1.440E+01 1.460E+01 1.480E+01 1.590E+01 1.680E+01 1.890E+01 1.860E+01 1.930E+01 1.950E+01 1.840E+01 1.960E+01 2.840E+01 3.100E+01 2.270E+01 1.920E+01 1.810E+01 1.620E+01 1.550E+01 1.570E+01 1.500E+01 1.530E+01 1.490E+01 1.480E+01 1.570E+01 1.500E+01 1.450E+01 1.450E+01 1.430E+01 1.430E+01 1.420E+01 1.410E+01 1.420E+01 1.410E+01 1.420E+01 1.470E+01 1.510E+01 1.420E+01 1.390E+01 1.380E+01 1.350E+01 1.360E+01 1.390E+01 1.390E+01 1.430E+01 1.440E+01
2.300E+01 2.250E+01 1.620E+01 1.490E+01 1.430E+01 1.450E+01 1.470E+01 1.440E+01 1.370E+01 1.340E+01 1.350E+01 1.370E+01 1.730E+01 1.880E+01 1.910E+01 1.920E+01 2.050E+01 2.150E+01 1.790E+01 1.880E+01 1.880E+01 1.930E+01 2.260E+01 2.460E+01 3.350E+01 2.100E+01 1.790E+01 1.680E+01 1.630E+01 1.620E+01 1.550E+01 1.570E+01 1.530E+01 1.500E+01 1.490E+01 1.500E+01 1.480E+01 1.570E+01 1.450E+01 1.450E+01 1.430E+01 1.420E+01 1.440E+01 1.420E+01 1.410E+01 1.400E+01 1.430E+01 1.420E+01 1.480E+01 1.460E+01 1.370E+01 1.390E+01 1.380E+01 1.370E+01 1.410E+01 1.450E+01 1.420E+01 1.360E+01
1.780E+01 1.650E+01 1.570E+01 1.410E+01 1.440E+01 1.420E+01 1.430E+01 1.330E+01 1.340E+01 1.370E+01 1.320E+01 1.410E+01 1.440E+01 1.450E+01 1.460E+01 1.490E+01 1.620E+01 1.850E+01 2.140E+01 2.200E+01 2.360E+01 2.630E+01 2.320E+01 1.980E+01 2.740E+01 1.890E+01 1.680E+01 1.620E+01 1.560E+01 1.510E+01 1.520E+01 1.500E+01 1.570E+01 1.480E+01 1.460E+01 1.470E+01 1.520E+01 1.520E+01 1.550E+01 1.480E+01 1.460E+01 1.440E+01 1.440E+01 1.410E+01 1.420E+01 1.440E+01 1.410E+01 1.400E+01 1.410E+01 1.610E+01 1.490E+01 1.400E+01 1.400E+01 1.440E+01 1.570E+01 1.420E+01 1.360E+01 1.350E+01
1.670E+01 1.630E+01 1.550E+01 1.460E+01 1.440E+01 1.430E+01 1.340E+01 1.340E+01 1.330E+01 1.320E+01 1.320E+01 1.340E+01 1.340E+01 1.350E+01 1.420E+01 1.440E+01 1.520E+01 1.520E+01 1.560E+01 1.560E+01 1.700E+01 1.750E+01 1.880E+01 1.900E+01 2.700E+01 1.840E+01 1.660E+01 1.590E+01 1.530E+01 1.520E+01 1.500E+01 1.500E+01 1.560E+01 1.480E+01 1.470E+01 1.510E+01 1.570E+01 1.570E+01 1.670E+01 1.590E+01 1.550E+01 1.470E+01 1.480E+01 1.460E+01 1.460E+01 1.460E+01 1.430E+01 1.420E+01 1.430E+01 1.550E+01 1.540E+01 1.660E+01 1.580E+01 1.540E+01 1.460E+01 1.380E+01 1.370E+01 1.360E+01
