Data/conc_no2_2013/conc_no2_2013.asc
NCOLS          280
NROWS          320
XLLCORNER            0
YLLCORNER       300000
CELLSIZE         1000
NODATA_VALUE  -9.990E+02
[rows 78 to 103 of 320, columns 174 to 231 of 280]
1.110E+01 1.110E+01 1.130E+01 1.370E+01 1.390E+01 1.140E+01 1.100E+01 1.080E+01 1.090E+01 1.060E+01 1.060E+01 1.070E+01 1.080E+01 1.070E+01 1.070E+01 1.080E+01 1.070E+01 1.050E+01 1.080E+01 1.100E+01 1.070E+01 1.080E+01 1.080E+01 1.130E+01 1.410E+01 1.120E+01 1.080E+01 1.060E+01 1.050E+01 1.040E+01 1.030E+01 1.020E+01 1.020E+01 1.060E+01 1.030E+01 1.050E+01 1.070E+01 1.040E+01 1.040E+01 1.050E+01 1.040E+01 1.040E+01 1.030E+01 1.080E+01 1.050E+01 1.100E+01 1.070E+01 1.060E+01 1.060E+01 1.070E+01 1.060E+01 1.070E+01 1.100E+01 1.120E+01 1.210E+01 1.670E+01 1.290E+01 1.240E+01
1.170E+01 1.170E+01 1.250E+01 1.570E+01 1.180E+01 1.120E+01 1.100E+01 1.080E+01 1.080E+01 1.060E+01 1.070E+01 1.090E+01 1.060E+01 1.050E+01 1.050E+01 1.040E+01 1.070E+01 1.100E+01 1.080E+01 1.060E+01 1.050E+01 1.050E+01 1.060E+01 1.090E+01 1.230E+01 1.340E+01 1.110E+01 1.070E+01 1.050E+01 1.040E+01 1.020E+01 1.020E+01 1.040E+01 1.070E+01 1.070E+01 1.060E+01 1.040E+01 1.030E+01 1.030E+01 1.030E+01 1.020E+01 1.020E+01 1.030E+01 1.050E+01 1.090E+01 1.150E+01 1.080E+01 1.060E+01 1.060E+01 1.070E+01 1.100E+01 1.130E+01 1.140E+01 1.180E+01 1.290E+01 1.570E+01 1.210E+01 1.160E+01
1.090E+01 1.120E+01 1.210E+01 1.430E+01 1.180E+01 1.140E+01 1.100E+01 1.080E+01 1.070E+01 1.080E+01 1.070E+01 1.080E+01 1.060E+01 1.050E+01 1.060E+01 1.070E+01 1.080E+01 1.070E+01 1.050E+01 1.040E+01 1.040E+01 1.050E+01 1.060E+01 1.070E+01 1.120E+01 1.300E+01 1.170E+01 1.080E+01 1.060E+01 1.040E+01 1.030E+01 1.040E+01 1.050E+01 1.090E+01 1.080E+01 1.050E+01 1.030E+01 1.020E+01 1.030E+01 1.030E+01 1.030E+01 1.040E+01 1.050E+01 1.060E+01 1.120E+01 1.080E+01 1.110E+01 1.110E+01 1.100E+01 1.110E+01 1.110E+01 1.080E+01 1.090E+01 1.140E+01 1.520E+01 1.170E+01 1.140E+01 1.120E+01
1.080E+01 1.120E+01 1.180E+01 1.270E+01 1.480E+01 1.170E+01 1.100E+01 1.090E+01 1.070E+01 1.090E+01 1.100E+01 1.070E+01 1.060E+01 1.060E+01 1.070E+01 1.080E+01 1.050E+01 1.080E+01 1.060E+01 1.040E+01 1.050E+01 1.050E+01 1.050E+01 1.070E+01 1.070E+01 1.100E+01 1.400E+01 1.100E+01 1.060E+01 1.040E+01 1.040E+01 1.060E+01 1.110E+01 1.080E+01 1.050E+01 1.060E+01 1.040E+01 1.040E+01 1.040E+01 1.040E+01 1.040E+01 1.040E+01 1.080E+01 1.100E+01 1.090E+01 1.070E+01 1.100E+01 1.090E+01 1.110E+01 1.140E+01 1.080E+01 1.070E+01 1.090E+01 1.140E+01 1.470E+01 1.150E+01 1.120E+01 1.120E+01
1.070E+01 1.110E+01 1.120E+01 1.170E+01 1.530E+01 1.190E+01 1.150E+01 1.090E+01 1.070E+01 1.080E+01 1.100E+01 1.060E+01 1.080E+01 1.100E+01 1.090E+01 1.050E+01 1.070E+01 1.070E+01 1.060E+01 1.070E+01 1.070E+01 1.070E+01 1.060E+01 1.050E+01 1.070E+01 1.100E+01 1.230E+01 1.280E+01 1.080E+01 1.050E+01 1.060E+01 1.120E+01 1.080E+01 1.060E+01 1.050E+01 1.090E+01 1.060E+01 1.040E+01 1.030E+01 1.030E+01 1.030E+01 1.030E+01 1.080E+01 1.130E+01 1.110E+01 1.110E+01 1.050E+01 1.060E+01 1.060E+01 1.070E+01 1.090E+01 1.100E+01 1.140E+01 1.490E+01 1.180E+01 1.120E+01 1.130E+01 1.170E+01
1.060E+01 1.140E+01 1.110E+01 1.130E+01 1.200E+01 1.470E+01 1.160E+01 1.070E+01 1.070E+01 1.090E+01 1.120E+01 1.090E+01 1.130E+01 1.070E+01 1.060E+01 1.080E+01 1.110E+01 1.080E+01 1.050E+01 1.040E+01 1.080E+01 1.080E+01 1.070E+01 1.090E+01 1.090E+01 1.120E+01 1.140E+01 1.390E+01 1.180E+01 1.090E+01 1.090E+01 1.140E+01 1.090E+01 1.070E+01 1.060E+01 1.090E+01 1.040E+01 1.050E+01 1.030E+01 1.030E+01 1.030E+01 1.040E+01 1.110E+01 1.070E+01 1.100E+01 1.060E+01 1.040E+01 1.050E+01 1.050E+01 1.060E+01 1.080E+01 1.090E+01 1.140E+01 1.620E+01 1.190E+01 1.120E+01 1.130E+01 1.190E+01
1.070E+01 1.100E+01 1.110E+01 1.130E+01 1.180E+01 1.510E+01 1.150E+01 1.070E+01 1.060E+01 1.080E+01 1.090E+01 1.160E+01 1.120E+01 1.090E+01 1.080E+01 1.080E+01 1.090E+01 1.080E+01 1.060E+01 1.040E+01 1.050E+01 1.080E+01 1.050E+01 1.050E+01 1.090E+01 1.070E+01 1.090E+01 1.140E+01 1.400E+01 1.360E+01 1.370E+01 1.150E+01 1.120E+01 1.100E+01 1.090E+01 1.080E+01 1.070E+01 1.060E+01 1.030E+01 1.040E+01 1.040E+01 1.060E+01 1.120E+01 1.060E+01 1.060E+01 1.060E+01 1.040E+01 1.060E+01 1.060E+01 1.070E+01 1.080E+01 1.110E+01 1.230E+01 1.550E+01 1.180E+01 1.130E+01 1.120E+01 1.120E+01
1.060E+01 1.120E+01 1.110E+01 1.120E+01 1.170E+01 1.450E+01 1.110E+01 1.080E+01 1.060E+01 1.070E+01 1.080E+01 1.180E+01 1.110E+01 1.090E+01 1.090E+01 1.080E+01 1.050E+01 1.060E+01 1.030E+01 1.030E+01 1.050E+01 1.050E+01 1.050E+01 1.060E+01 1.060E+01 1.060E+01 1.080E+01 1.120E+01 1.160E+01 1.140E+01 1.280E+01 1.420E+01 1.400E+01 1.160E+01 1.100E+01 1.070E+01 1.100E+01 1.060E+01 1.050E+01 1.060E+01 1.060E+01 1.120E+01 1.080E+01 1.060E+01 1.070E+01 1.060E+01 1.050E+01 1.070E+01 1.060E+01 1.080E+01 1.090E+01 1.150E+01 1.530E+01 1.240E+01 1.160E+01 1.170E+01 1.130E+01 1.120E+01
1.080E+01 1.100E+01 1.090E+01 1.110E+01 1.170E+01 1.450E+01 1.210E+01 1.090E+01 1.070E+01 1.060E+01 1.090E+01 1.160E+01 1.200E+01 1.110E+01 1.090E+01 1.060E+01 1.040E+01 1.030E+01 1.070E+01 1.020E+01 1.030E+01 1.030E+01 1.040E+01 1.050E+01 1.040E+01 1.060E+01 1.090E+01 1.130E+01 1.190E+01 1.190E+01 1.220E+01 1.210E+01 1.240E+01 1.380E+01 1.120E+01 1.080E+01 1.070E+01 1.100E+01 1.070E+01 1.070E+01 1.080E+01 1.140E+01 1.060E+01 1.070E+01 1.080E+01 1.070E+01 1.070E+01 1.070E+01 1.080E+01 1.090E+01 1.120E+01 1.190E+01 1.650E+01 1.240E+01 1.160E+01 1.140E+01 1.140E+01 1.120E+01
1.100E+01 1.090E+01 1.100E+01 1.110E+01 1.140E+01 1.210E+01 1.490E+01 1.160E+01 1.090E+01 1.060E+01 1.070E+01 1.120E+01 1.120E+01 1.100E+01 1.080E+01 1.060E+01 1.040E+01 1.020E+01 1.050E+01 1.060E+01 1.060E+01 1.070E+01 1.030E+01 1.040E+01 1.040E+01 1.060E+01 1.110E+01 1.280E+01 1.200E+01 1.230E+01 1.220E+01 1.150E+01 1.230E+01 1.460E+01 1.230E+01 1.120E+01 1.120E+01 1.140E+01 1.120E+01 1.090E+01 1.130E+01 1.080E+01 1.080E+01 1.090E+01 1.090E+01 1.100E+01 1.090E+01 1.090E+01 1.110E+01 1.120E+01 1.130E+01 1.220E+01 1.610E+01 1.220E+01 1.180E+01 1.160E+01 1.130E+01 1.140E+01
1.090E+01 1.120E+01 1.100E+01 1.110E+01 1.120E+01 1.180E+01 1.520E+01 1.190E+01 1.140E+01 1.120E+01 1.090E+01 1.180E+01 1.120E+01 1.120E+01 1.090E+01 1.070E+01 1.040E+01 1.030E+01 1.030E+01 1.040E+01 1.040E+01 1.070E+01 1.040E+01 1.040E+01 1.050E+01 1.110E+01 1.200E+01 1.200E+01 1.180E+01 1.110E+01 1.110E+01 1.100E+01 1.120E+01 1.160E+01 1.480E+01 1.130E+01 1.100E+01 1.110E+01 1.170E+01 1.150E+01 1.100E+01 1.090E+01 1.090E+01 1.090E+01 1.100E+01 1.090E+01 1.120E+01 1.130E+01 1.200E+01 1.170E+01 1.150E+01 1.220E+01 1.610E+01 1.260E+01 1.230E+01 1.170E+01 1.160E+01 1.150E+01
1.080E+01 1.120E+01 1.100E+01 1.100E+01 1.120E+01 1.190E+01 1.540E+01 1.190E+01 1.130E+01 1.120E+01 1.180E+01 1.140E+01 1.120E+01 1.100E+01 1.110E+01 1.090E+01 1.050E+01 1.040E+01 1.040E+01 1.040E+01 1.040E+01 1.060E+01 1.070E+01 1.050E+01 1.060E+01 1.130E+01 1.190E+01 1.140E+01 1.090E+01 1.080E+01 1.090E+01 1.080E+01 1.100E+01 1.150E+01 1.500E+01 1.190E+01 1.160E+01 1.170E+01 1.180E+01 1.110E+01 1.100E+01 1.100E+01 1.100E+01 1.110E+01 1.120E+01 1.110E+01 1.130E+01 1.140E+01 1.140E+01 1.150E+01 1.130E+01 1.200E+01 1.380E+01 1.490E+01 1.240E+01 1.200E+01 1.200E+01 1.160E+01
1.080E+01 1.090E+01 1.090E+01 1.110E+01 1.130E+01 1.190E+01 1.530E+01 1.190E+01 1.150E+01 1.160E+01 1.140E+01 1.160E+01 1.160E+01 1.140E+01 1.120E+01 1.100E+01 1.080E+01 1.070E+01 1.060E+01 1.070E+01 1.060E+01 1.060E+01 1.090E+01 1.090E+01 1.090E+01 1.070E+01 1.070E+01 1.110E+01 1.070E+01 1.060E+01 1.080E+01 1.080E+01 1.100E+01 1.150E+01 1.220E+01 1.510E+01 1.200E+01 1.240E+01 1.130E+01 1.130E+01 1.120E+01 1.120E+01 1.140E+01 1.120E+01 1.110E+01 1.120E+01 1.120E+01 1.150E+01 1.140E+01 1.120E+01 1.130E+01 1.230E+01 1.300E+01 1.650E+01 1.310E+01 1.280E+01 1.240E+01 1.180E+01
1.080E+01 1.090E+01 1.110E+01 1.120E+01 1.140E+01 1.200E+01 1.540E+01 1.190E+01 1.140E+01 1.170E+01 1.130E+01 1.130E+01 1.150E+01 1.170E+01 1.120E+01 1.100E+01 1.080E+01 1.080E+01 1.070E+01 1.070E+01 1.090E+01 1.090E+01 1.110E+01 1.060E+01 1.060E+01 1.050E+01 1.070E+01 1.150E+01 1.070E+01 1.070E+01 1.080E+01 1.090E+01 1.120E+01 1.140E+01 1.180E+01 1.540E+01 1.310E+01 1.200E+01 1.170E+01 1.130E+01 1.140E+01 1.160E+01 1.130E+01 1.150E+01 1.130E+01 1.130E+01 1.140E+01 1.140E+01 1.130E+01 1.120E+01 1.140E+01 1.300E+01 1.320E+01 1.750E+01 1.460E+01 1.450E+01 1.310E+01 1.250E+01
1.090E+01 1.110E+01 1.120E+01 1.130E+01 1.160E+01 1.230E+01 1.560E+01 1.210E+01 1.180E+01 1.130E+01 1.120E+01 1.120E+01 1.140E+01 1.140E+01 1.120E+01 1.100E+01 1.080E+01 1.090E+01 1.080E+01 1.100E+01 1.110E+01 1.080E+01 1.080E+01 1.050E+01 1.040E+01 1.040E+01 1.060E+01 1.120E+01 1.080E+01 1.060E+01 1.070E+01 1.090E+01 1.110E+01 1.150E+01 1.180E+01 1.480E+01 1.410E+01 1.220E+01 1.200E+01 1.170E+01 1.190E+01 1.170E+01 1.150E+01 1.150E+01 1.140E+01 1.160E+01 1.130E+01 1.100E+01 1.120E+01 1.130E+01 1.160E+01 1.280E+01 1.340E+01 1.680E+01 1.440E+01 1.380E+01 1.400E+01 1.350E+01
1.120E+01 1.170E+01 1.140E+01 1.140E+01 1.170E+01 1.260E+01 1.550E+01 1.250E+01 1.200E+01 1.140E+01 1.120E+01 1.110E+01 1.120E+01 1.140E+01 1.120E+01 1.110E+01 1.090E+01 1.110E+01 1.120E+01 1.130E+01 1.090E+01 1.060E+01 1.050E+01 1.070E+01 1.050E+01 1.050E+01 1.070E+01 1.110E+01 1.080E+01 1.070E+01 1.080E+01 1.100E+01 1.120E+01 1.150E+01 1.170E+01 1.300E+01 1.610E+01 1.270E+01 1.230E+01 1.200E+01 1.190E+01 1.170E+01 1.170E+01 1.180E+01 1.190E+01 1.160E+01 1.120E+01 1.110E+01 1.140E+01 1.160E+01 1.230E+01 1.290E+01 1.370E+01 1.790E+01 1.640E+01 1.410E+01 1.420E+01 1.590E+01
1.110E+01 1.130E+01 1.140E+01 1.160E+01 1.180E+01 1.250E+01 1.490E+01 1.270E+01 1.220E+01 1.160E+01 1.130E+01 1.130E+01 1.140E+01 1.190E+01 1.130E+01 1.110E+01 1.130E+01 1.100E+01 1.110E+01 1.110E+01 1.080E+01 1.060E+01 1.050E+01 1.070E+01 1.040E+01 1.060E+01 1.060E+01 1.140E+01 1.080E+01 1.080E+01 1.080E+01 1.110E+01 1.130E+01 1.160E+01 1.210E+01 1.320E+01 1.650E+01 1.320E+01 1.270E+01 1.260E+01 1.240E+01 1.240E+01 1.230E+01 1.230E+01 1.180E+01 1.190E+01 1.160E+01 1.140E+01 1.180E+01 1.220E+01 1.320E+01 1.430E+01 1.460E+01 2.120E+01 1.800E+01 1.680E+01 1.710E+01 1.560E+01
1.130E+01 1.140E+01 1.160E+01 1.200E+01 1.270E+01 1.340E+01 1.420E+01 1.550E+01 1.300E+01 1.260E+01 1.210E+01 1.200E+01 1.160E+01 1.160E+01 1.150E+01 1.110E+01 1.120E+01 1.100E+01 1.100E+01 1.110E+01 1.090E+01 1.060E+01 1.050E+01 1.050E+01 1.080E+01 1.020E+01 1.030E+01 1.140E+01 1.080E+01 1.080E+01 1.090E+01 1.140E+01 1.170E+01 1.220E+01 1.320E+01 1.410E+01 1.780E+01 1.350E+01 1.330E+01 1.420E+01 1.450E+01 1.360E+01 1.250E+01 1.230E+01 1.220E+01 1.200E+01 1.200E+01 1.200E+01 1.210E+01 1.370E+01 1.870E+01 1.980E+01 1.970E+01 1.620E+01 1.400E+01 1.300E+01 1.280E+01 1.310E+01
1.150E+01 1.170E+01 1.180E+01 1.240E+01 1.280E+01 1.300E+01 1.300E+01 1.580E+01 1.220E+01 1.170E+01 1.140E+01 1.140E+01 1.140E+01 1.150E+01 1.130E+01 1.130E+01 1.140E+01 1.110E+01 1.120E+01 1.110E+01 1.100E+01 1.060E+01 1.060E+01 1.030E+01 1.030E+01 1.040E+01 1.050E+01 1.160E+01 1.090E+01 1.100E+01 1.110E+01 1.160E+01 1.200E+01 1.320E+01 1.360E+01 1.440E+01 1.710E+01 1.360E+01 1.380E+01 1.410E+01 1.420E+01 1.350E+01 1.280E+01 1.250E+01 1.250E+01 1.250E+01 1.260E+01 1.320E+01 1.380E+01 1.810E+01 1.730E+01 1.390E+01 1.430E+01 1.300E+01 1.310E+01 1.240E+01 1.220E+01 1.220E+01
1.170E+01 1.200E+01 1.250E+01 1.260E+01 1.330E+01 1.480E+01 1.530E+01 1.440E+01 1.200E+01 1.160E+01 1.140E+01 1.140E+01 1.140E+01 1.130E+01 1.110E+01 1.100E+01 1.100E+01 1.130E+01 1.180E+01 1.130E+01 1.120E+01 1.100E+01 1.090E+01 1.060E+01 1.050E+01 1.110E+01 1.100E+01 1.130E+01 1.070E+01 1.100E+01 1.110E+01 1.170E+01 1.270E+01 1.270E+01 1.320E+01 1.470E+01 1.870E+01 1.820E+01 1.980E+01 1.950E+01 1.930E+01 1.800E+01 1.360E+01 1.340E+01 1.350E+01 1.360E+01 1.400E+01 1.840E+01 1.940E+01 1.660E+01 1.320E+01 1.300E+01 1.330E+01 1.210E+01 1.270E+01 1.240E+01 1.200E+01 1.200E+01
1.210E+01 1.280E+01 1.260E+01 1.350E+01 1.650E+01 1.360E+01 1.240E+01 1.280E+01 1.180E+01 1.160E+01 1.160E+01 1.130E+01 1.120E+01 1.120E+01 1.100E+01 1.100E+01 1.090E+01 1.110E+01 1.160E+01 1.170E+01 1.160E+01 1.110E+01 1.150E+01 1.150E+01 1.110E+01 1.090E+01 1.090E+01 1.090E+01 1.160E+01 1.100E+01 1.120E+01 1.250E+01 1.250E+01 1.270E+01 1.350E+01 1.830E+01 2.070E+01 1.780E+01 1.470E+01 1.370E+01 1.370E+01 1.390E+01 1.780E+01 1.930E+01 1.920E+01 1.920E+01 1.930E+01 1.480E+01 1.330E+01 1.330E+01 1.240E+01 1.260E+01 1.340E+01 1.220E+01 1.220E+01 1.230E+01 1.210E+01 1.200E+01
1.240E+01 1.290E+01 1.510E+01 1.560E+01 1.250E+01 1.230E+01 1.190E+01 1.200E+01 1.250E+01 1.190E+01 1.140E+01 1.120E+01 1.120E+01 1.120E+01 1.110E+01 1.100E+01 1.110E+01 1.140E+01 1.130E+01 1.120E+01 1.150E+01 1.130E+01 1.100E+01 1.100E+01 1.070E+01 1.090E+01 1.100E+01 1.110E+01 1.160E+01 1.180E+01 1.240E+01 1.210E+01 1.210E+01 1.270E+01 1.370E+01 2.100E+01 1.670E+01 1.390E+01 1.310E+01 1.340E+01 1.290E+01 1.260E+01 1.300E+01 1.340E+01 1.340E+01 1.320E+01 1.310E+01 1.240E+01 1.250E+01 1.240E+01 1.230E+01 1.250E+01 1.360E+01 1.220E+01 1.210E+01 1.230E+01 1.240E+01 1.220E+01
1.250E+01 1.570E+01 1.420E+01 1.220E+01 1.190E+01 1.150E+01 1.150E+01 1.160E+01 1.250E+01 1.160E+01 1.140E+01 1.130E+01 1.120E+01 1.120E+01 1.130E+01 1.150E+01 1.110E+01 1.100E+01 1.100E+01 1.120E+01 1.110E+01 1.150E+01 1.140E+01 1.110E+01 1.100E+01 1.080E+01 1.120E+01 1.120E+01 1.130E+01 1.300E+01 1.170E+01 1.170E+01 1.200E+01 1.230E+01 1.360E+01 2.140E+01 1.450E+01 1.340E+01 1.290E+01 1.270E+01 1.280E+01 1.280E+01 1.250E+01 1.250E+01 1.250E+01 1.220E+01 1.220E+01 1.210E+01 1.210E+01 1.260E+01 1.190E+01 1.210E+01 1.330E+01 1.230E+01 1.220E+01 1.220E+01 1.350E+01 1.220E+01
1.510E+01 1.410E+01 1.230E+01 1.190E+01 1.160E+01 1.140E+01 1.130E+01 1.140E+01 1.170E+01 1.230E+01 1.150E+01 1.140E+01 1.150E+01 1.160E+01 1.130E+01 1.100E+01 1.090E+01 1.100E+01 1.110E+01 1.110E+01 1.130E+01 1.110E+01 1.110E+01 1.170E+01 1.120E+01 1.120E+01 1.140E+01 1.140E+01 1.260E+01 1.210E+01 1.160E+01 1.170E+01 1.190E+01 1.230E+01 1.340E+01 1.630E+01 1.720E+01 1.390E+01 1.290E+01 1.240E+01 1.190E+01 1.210E+01 1.170E+01 1.160E+01 1.180E+01 1.240E+01 1.210E+01 1.190E+01 1.180E+01 1.190E+01 1.200E+01 1.250E+01 1.360E+01 1.220E+01 1.300E+01 1.220E+01 1.260E+01 1.270E+01
1.660E+01 1.310E+01 1.230E+01 1.190E+01 1.130E+01 1.130E+01 1.120E+01 1.130E+01 1.160E+01 1.260E+01 1.160E+01 1.200E+01 1.190E+01 1.150E+01 1.120E+01 1.100E+01 1.100E+01 1.110E+01 1.120E+01 1.120E+01 1.130E+01 -9.990E+02 1.150E+01 1.150E+01 1.160E+01 1.140E+01 1.190E+01 1.300E+01 1.250E+01 1.180E+01 1.170E+01 1.190E+01 1.210E+01 1.230E+01 1.280E+01 1.380E+01 1.910E+01 1.340E+01 1.280E+01 1.240E+01 1.180E+01 1.180E+01 1.180E+01 1.180E+01 1.170E+01 1.180E+01 1.240E+01 1.190E+01 1.180E+01 1.180E+01 1.210E+01 1.310E+01 1.270E+01 1.240E+01 1.250E+01 1.210E+01 1.200E+01 1.250E+01
1.640E+01 1.230E+01 1.160E+01 1.190E+01 1.180E+01 1.180E+01 1.180E+01 1.190E+01 1.200E+01 1.230E+01 1.280E+01 1.250E+01 1.190E+01 1.160E+01 1.160E+01 1.160E+01 1.130E+01 1.130E+01 1.150E+01 1.120E+01 1.100E+01 -9.990E+02 1.120E+01 1.160E+01 1.190E+01 1.230E+01 1.270E+01 1.260E+01 1.280E+01 1.210E+01 1.190E+01 1.190E+01 1.200E+01 1.250E+01 1.300E+01 1.370E+01 1.970E+01 1.370E+01 1.290E+01 1.220E+01 1.160E+01 1.160E+01 1.170E+01 1.170E+01 1.170E+01 1.160E+01 1.150E+01 1.220E+01 1.180E+01 1.200E+01 1.310E+01 1.370E+01 1.290E+01 1.240E+01 1.210E+01 1.200E+01 1.200E+01 1.270E+01
