Data/conc_no2_2013/rwc_no2_2013.asc
NCOLS          280
NROWS          320
XLLCORNER            0
YLLCORNER       300000
CELLSIZE         1000
NODATA_VALUE  -9.990E+02
[rows 208 to 233 of 320, columns 58 to 115 of 280]
5.000E-03 1.300E-02 2.400E-02 3.700E-02 5.600E-02 7.800E-02 1.010E-01 1.390E-01 2.560E-01 3.320E-01 3.970E-01 8.410E-01 1.444E+00 3.970E-01 3.000E-01 2.290E-01 2.660E-01 3.210E-01 3.470E-01 3.700E-01 3.240E-01 3.950E-01 3.110E-01 2.710E-01 2.360E-01 3.760E-01 6.910E-01 1.002E+00 1.601E+00 3.730E+00 9.360E-01 3.580E-01 2.300E-01 9.600E-02 0.000E+00 0.000E+00 0.000E+00 1.000E-03 2.800E-02 6.400E-02 1.420E-01 2.610E-01 6.210E-01 1.336E+00 5.147E+00 7.771E+00 1.052E+01 2.853E+00 1.434E+00 6.330E-01 2.530E-01 7.800E-02 5.600E-02 1.100E-01 1.890E-01 2.870E-01 4.180E-01 5.530E-01
8.600E-02 8.300E-02 8.500E-02 8.600E-02 1.140E-01 1.380E-01 1.730E-01 3.380E-01 1.549E+00 1.557E+00 1.645E+00 1.686E+00 4.460E-01 2.330E-01 1.630E-01 1.390E-01 1.420E-01 1.420E-01 1.550E-01 1.740E-01 1.820E-01 1.850E-01 1.750E-01 1.660E-01 1.530E-01 1.890E-01 4.040E-01 5.630E-01 8.230E-01 2.180E+00 3.132E+00 7.510E-01 3.410E-01 1.550E-01 2.900E-02 1.000E-03 0.000E+00 2.700E-02 7.300E-02 1.440E-01 2.930E-01 5.370E-01 1.022E+00 3.878E+00 7.126E+00 3.184E+00 6.356E+00 6.525E+00 1.909E+00 9.210E-01 5.760E-01 4.130E-01 3.190E-01 4.580E-01 5.440E-01 4.430E-01 6.830E-01 1.238E+00
1.390E-01 1.330E-01 1.540E-01 2.120E-01 2.550E-01 2.760E-01 3.160E-01 1.668E+00 5.250E-01 4.690E-01 4.700E-01 3.880E-01 2.190E-01 1.440E-01 1.120E-01 9.200E-02 9.000E-02 9.500E-02 1.020E-01 9.400E-02 8.000E-02 6.500E-02 4.400E-02 3.400E-02 4.300E-02 9.300E-02 1.920E-01 3.520E-01 5.520E-01 1.015E+00 3.808E+00 9.160E-01 4.430E-01 2.510E-01 1.100E-01 7.000E-02 6.500E-02 8.600E-02 1.020E-01 2.840E-01 6.230E-01 1.343E+00 4.455E+00 6.742E+00 2.216E+00 1.868E+00 2.417E+00 9.023E+00 2.227E+00 1.514E+00 9.970E-01 8.160E-01 6.860E-01 7.390E-01 9.370E-01 9.770E-01 4.389E+00 5.496E+00
2.920E-01 2.720E-01 6.250E-01 1.404E+00 1.436E+00 1.458E+00 1.452E+00 2.580E-01 2.750E-01 2.380E-01 2.060E-01 1.550E-01 9.800E-02 6.200E-02 3.300E-02 1.000E-02 0.000E+00 0.000E+00 0.000E+00 0.000E+00 0.000E+00 0.000E+00 0.000E+00 0.000E+00 4.000E-03 2.400E-02 1.110E-01 2.630E-01 4.990E-01 1.693E+00 3.880E+00 1.017E+00 5.800E-01 3.500E-01 2.410E-01 2.220E-01 2.340E-01 1.970E-01 3.110E-01 5.860E-01 1.647E+00 6.683E+00 2.863E+00 1.557E+00 1.132E+00 1.159E+00 1.724E+00 4.795E+00 6.966E+00 2.259E+00 1.673E+00 1.574E+00 9.880E-01 1.521E+00 5.637E+00 6.522E+00 1.753E+00 1.336E+00
1.624E+00 1.339E+00 1.340E+00 2.830E-01 3.740E-01 3.680E-01 3.100E-01 2.020E-01 1.650E-01 1.150E-01 9.400E-02 7.500E-02 4.900E-02 3.000E-02 1.300E-02 0.000E+00 0.000E+00 0.000E+00 0.000E+00 0.000E+00 0.000E+00 0.000E+00 3.000E-03 9.000E-03 2.600E-02 5.400E-02 1.230E-01 2.920E-01 8.870E-01 2.225E+00 2.126E+00 3.140E+00 9.560E-01 5.940E-01 5.050E-01 4.260E-01 4.500E-01 6.070E-01 8.680E-01 1.635E+00 7.131E+00 1.839E+00 8.090E-01 6.430E-01 5.870E-01 7.590E-01 1.207E+00 2.167E+00 9.602E+00 3.272E+00 4.841E+00 6.372E+00 6.308E+00 6.207E+00 3.428E+00 1.450E+00 8.720E-01 6.170E-01
3.560E-01 3.180E-01 2.880E-01 2.060E-01 1.810E-01 1.540E-01 1.180E-01 7.800E-02 4.800E-02 2.300E-02 1.100E-02 0.000E+00 0.000E+00 0.000E+00 0.000E+00 0.000E+00 0.000E+00 0.000E+00 0.000E+00 0.000E+00 0.000E+00 0.000E+00 8.000E-03 1.900E-02 4.600E-02 9.500E-02 1.730E-01 4.650E-01 2.129E+00 7.700E-01 7.100E-01 7.490E-01 2.566E+00 2.523E+00 2.121E+00 8.180E-01 9.380E-01 9.580E-01 1.864E+00 7.145E+00 2.495E+00 6.440E-01 3.110E-01 1.900E-01 2.750E-01 4.820E-01 8.480E-01 1.777E+00 8.771E+00 9.906E+00 5.370E+00 2.543E+00 1.534E+00 8.600E-01 1.031E+00 6.940E-01 4.580E-01 3.260E-01
1.720E-01 1.560E-01 1.390E-01 1.210E-01 9.900E-02 8.000E-02 5.500E-02 3.600E-02 2.100E-02 9.000E-03 0.000E+00 0.000E+00 0.000E+00 0.000E+00 0.000E+00 0.000E+00 0.000E+00 0.000E+00 0.000E+00 0.000E+00 0.000E+00 3.000E-03 1.700E-02 3.600E-02 8.600E-02 2.130E-01 2.460E-01 1.533E+00 7.960E-01 4.230E-01 3.750E-01 4.450E-01 5.840E-01 4.870E-01 1.629E+00 3.134E+00 3.617E+00 4.788E+00 8.292E+00 2.948E+00 1.048E+00 4.810E-01 2.460E-01 1.360E-01 8.300E-02 2.810E-01 7.140E-01 1.486E+00 2.795E+00 1.106E+01 3.246E+00 1.782E+00 1.165E+00 5.190E-01 4.390E-01 2.880E-01 1.880E-01 1.140E-01
9.600E-02 7.300E-02 4.800E-02 2.900E-02 1.600E-02 8.000E-03 0.000E+00 0.000E+00 0.000E+00 0.000E+00 0.000E+00 0.000E+00 0.000E+00 0.000E+00 0.000E+00 0.000E+00 0.000E+00 0.000E+00 0.000E+00 0.000E+00 0.000E+00 8.000E-03 3.100E-02 6.500E-02 1.800E-01 1.074E+00 1.661E+00 1.732E+00 3.770E-01 2.390E-01 2.190E-01 2.270E-01 3.240E-01 4.870E-01 8.010E-01 1.485E+00 4.311E+00 6.834E+00 2.121E+00 1.060E+00 5.530E-01 2.860E-01 1.370E-01 4.900E-02 0.000E+00 1.550E-01 5.410E-01 1.119E+00 2.259E+00 9.913E+00 2.918E+00 1.322E+00 6.740E-01 4.130E-01 1.660E-01 1.320E-01 1.070E-01 1.390E-01
0.000E+00 0.000E+00 0.000E+00 0.000E+00 0.000E+00 0.000E+00 0.000E+00 0.000E+00 0.000E+00 0.000E+00 0.000E+00 0.000E+00 0.000E+00 0.000E+00 0.000E+00 0.000E+00 0.000E+00 0.000E+00 0.000E+00 0.000E+00 2.000E-03 1.300E-02 4.600E-02 1.080E-01 3.180E-01 1.520E+00 5.260E-01 3.660E-01 1.800E-01 1.050E-01 9.100E-02 9.100E-02 2.250E-01 4.290E-01 8.790E-01 3.695E+00 4.540E+00 1.750E+00 1.036E+00 5.440E-01 2.910E-01 1.480E-01 6.100E-02 5.000E-03 0.000E+00 7.300E-02 4.260E-01 8.170E-01 1.466E+00 2.653E+00 8.909E+00 1.297E+00 5.840E-01 3.130E-01 6.300E-02 3.500E-02 8.900E-02 2.180E-01
0.000E+00 0.000E+00 0.000E+00 0.000E+00 0.000E+00 0.000E+00 0.000E+00 0.000E+00 0.000E+00 0.000E+00 0.000E+00 0.000E+00 0.000E+00 0.000E+00 0.000E+00 0.000E+00 0.000E+00 0.000E+00 0.000E+00 0.000E+00 5.000E-03 2.300E-02 7.200E-02 1.750E-01 9.890E-01 9.690E-01 2.910E-01 1.670E-01 9.500E-02 4.500E-02 2.100E-02 4.300E-02 2.090E-01 4.560E-01 1.118E+00 5.830E+00 1.320E+00 9.770E-01 6.010E-01 2.900E-01 1.550E-01 6.200E-02 7.000E-03 0.000E+00 0.000E+00 0.000E+00 2.140E-01 5.250E-01 8.820E-01 1.580E+00 7.361E+00 1.427E+00 6.830E-01 3.840E-01 1.140E-01 5.400E-02 1.510E-01 3.140E-01
0.000E+00 0.000E+00 0.000E+00 0.000E+00 0.000E+00 0.000E+00 0.000E+00 0.000E+00 0.000E+00 0.000E+00 0.000E+00 0.000E+00 0.000E+00 0.000E+00 0.000E+00 0.000E+00 0.000E+00 0.000E+00 0.000E+00 4.000E-03 1.200E-02 4.100E-02 1.070E-01 2.740E-01 1.468E+00 3.400E-01 1.680E-01 1.000E-01 5.100E-02 2.300E-02 2.600E-02 7.600E-02 2.590E-01 5.630E-01 1.321E+00 5.928E+00 1.304E+00 5.520E-01 3.140E-01 9.700E-02 3.900E-02 0.000E+00 0.000E+00 4.000E-03 3.800E-02 8.600E-02 2.510E-01 5.900E-01 9.380E-01 1.314E+00 6.120E+00 2.914E+00 1.050E+00 5.000E-01 1.840E-01 8.600E-02 2.240E-01 6.600E-01
0.000E+00 0.000E+00 0.000E+00 0.000E+00 0.000E+00 0.000E+00 0.000E+00 0.000E+00 0.000E+00 0.000E+00 0.000E+00 0.000E+00 0.000E+00 0.000E+00 0.000E+00 0.000E+00 0.000E+00 0.000E+00 4.000E-03 1.000E-02 2.600E-02 6.300E-02 1.180E-01 8.910E-01 4.460E-01 1.600E-01 8.400E-02 4.100E-02 1.400E-02 1.100E-02 5.000E-02 1.490E-01 2.410E-01 8.140E-01 3.092E+00 4.448E+00 7.490E-01 2.360E-01 1.170E-01 4.500E-02 4.700E-02 6.500E-02 7.500E-02 1.000E-01 1.360E-01 1.470E-01 2.710E-01 7.090E-01 1.149E+00 1.408E+00 3.386E+00 7.620E+00 1.419E+00 6.080E-01 2.810E-01 1.360E-01 3.230E-01 9.130E-01
0.000E+00 0.000E+00 0.000E+00 0.000E+00 0.000E+00 0.000E+00 0.000E+00 0.000E+00 0.000E+00 0.000E+00 0.000E+00 0.000E+00 0.000E+00 0.000E+00 0.000E+00 0.000E+00 0.000E+00 1.000E-03 8.000E-03 2.000E-02 4.700E-02 1.160E-01 2.070E-01 1.181E+00 2.110E-01 9.100E-02 5.000E-02 2.400E-02 1.000E-02 3.400E-02 9.600E-02 2.590E-01 4.100E-01 1.360E+00 6.420E+00 1.527E+00 6.240E-01 2.500E-01 2.480E-01 2.150E-01 2.360E-01 2.660E-01 3.860E-01 3.740E-01 3.390E-01 3.380E-01 5.390E-01 1.435E+00 1.666E+00 1.813E+00 7.017E+00 7.479E+00 1.531E+00 6.110E-01 3.610E-01 2.280E-01 6.110E-01 3.990E+00
0.000E+00 0.000E+00 0.000E+00 0.000E+00 0.000E+00 0.000E+00 0.000E+00 0.000E+00 0.000E+00 0.000E+00 0.000E+00 0.000E+00 0.000E+00 0.000E+00 0.000E+00 0.000E+00 0.000E+00 6.000E-03 2.200E-02 4.600E-02 1.020E-01 3.000E-01 1.307E+00 2.840E-01 1.240E-01 5.400E-02 2.700E-02 1.000E-02 2.100E-02 5.700E-02 1.710E-01 4.370E-01 1.168E+00 5.460E+00 3.260E+00 1.034E+00 6.220E-01 5.030E-01 4.590E-01 4.260E-01 5.510E-01 6.240E-01 7.380E-01 4.660E-01 4.300E-01 6.020E-01 2.403E+00 7.960E+00 8.004E+00 8.046E+00 5.558E+00 9.069E+00 1.552E+00 7.220E-01 4.830E-01 3.670E-01 7.960E-01 5.859E+00
0.000E+00 0.000E+00 0.000E+00 0.000E+00 0.000E+00 0.000E+00 0.000E+00 0.000E+00 0.000E+00 0.000E+00 0.000E+00 0.000E+00 0.000E+00 0.000E+00 0.000E+00 0.000E+00 0.000E+00 7.000E-03 3.900E-02 8.300E-02 2.200E-01 1.180E+00 3.660E-01 1.860E-01 8.900E-02 2.900E-02 1.100E-02 1.300E-02 5.100E-02 1.300E-01 3.250E-01 8.900E-01 4.150E+00 4.134E+00 1.300E+00 7.850E-01 6.380E-01 6.660E-01 6.280E-01 8.210E-01 1.336E+00 4.268E+00 2.857E+00 8.690E-01 8.720E-01 1.223E+00 6.835E+00 2.342E+00 2.258E+00 2.288E+00 2.730E+00 1.063E+01 2.389E+00 1.023E+00 7.060E-01 6.220E-01 1.082E+00 6.654E+00
0.000E+00 0.000E+00 0.000E+00 0.000E+00 0.000E+00 0.000E+00 0.000E+00 0.000E+00 0.000E+00 0.000E+00 0.000E+00 0.000E+00 0.000E+00 0.000E+00 0.000E+00 0.000E+00 0.000E+00 1.000E-02 5.400E-02 1.230E-01 6.270E-01 1.037E+00 3.050E-01 1.830E-01 1.050E-01 3.200E-02 5.000E-03 4.400E-02 1.200E-01 2.830E-01 6.580E-01 2.763E+00 4.751E+00 1.088E+00 9.360E-01 9.450E-01 9.080E-01 1.333E+00 4.659E+00 5.892E+00 5.876E+00 2.144E+00 3.727E+00 5.481E+00 5.326E+00 6.894E+00 3.305E+00 1.266E+00 1.213E+00 1.449E+00 2.238E+00 8.366E+00 4.773E+00 1.531E+00 1.161E+00 1.453E+00 1.522E+00 7.163E+00
0.000E+00 0.000E+00 0.000E+00 0.000E+00 0.000E+00 0.000E+00 0.000E+00 0.000E+00 0.000E+00 0.000E+00 0.000E+00 0.000E+00 0.000E+00 0.000E+00 0.000E+00 0.000E+00 0.000E+00 1.500E-02 7.800E-02 2.160E-01 1.478E+00 1.549E+00 4.120E-01 2.080E-01 1.110E-01 3.900E-02 2.300E-02 9.800E-02 2.300E-01 5.070E-01 1.253E+00 5.642E+00 1.361E+00 8.130E-01 1.390E+00 4.439E+00 5.642E+00 5.768E+00 1.856E+00 1.423E+00 1.233E+00 6.410E-01 9.860E-01 1.150E+00 1.266E+00 1.355E+00 1.014E+00 6.730E-01 7.560E-01 8.750E-01 1.600E+00 2.746E+00 1.030E+01 1.946E+00 1.551E+00 2.106E+00 2.302E+00 1.146E+01
0.000E+00 0.000E+00 0.000E+00 0.000E+00 0.000E+00 0.000E+00 0.000E+00 0.000E+00 0.000E+00 0.000E+00 0.000E+00 0.000E+00 0.000E+00 0.000E+00 0.000E+00 0.000E+00 0.000E+00 1.700E-02 9.000E-02 1.530E-01 3.790E-01 2.433E+00 6.000E-01 3.620E-01 3.020E-01 3.060E-01 3.730E-01 5.340E-01 7.210E-01 1.178E+00 4.653E+00 3.287E+00 1.093E+00 1.250E+00 4.464E+00 1.068E+00 1.281E+00 1.184E+00 8.190E-01 4.810E-01 5.010E-01 3.730E-01 3.920E-01 5.630E-01 5.470E-01 4.780E-01 3.420E-01 2.170E-01 3.060E-01 7.480E-01 1.129E+00 2.425E+00 1.130E+01 3.007E+00 2.825E+00 8.480E+00 1.213E+01 3.370E+00
0.000E+00 0.000E+00 0.000E+00 0.000E+00 0.000E+00 0.000E+00 0.000E+00 0.000E+00 0.000E+00 0.000E+00 0.000E+00 0.000E+00 0.000E+00 0.000E+00 0.000E+00 0.000E+00 0.000E+00 1.800E-02 8.000E-02 1.140E-01 2.270E-01 4.550E-01 2.173E+00 6.230E-01 5.490E-01 6.200E-01 6.860E-01 5.980E-01 1.052E+00 2.093E+00 8.985E+00 4.235E+00 3.817E+00 4.076E+00 8.180E-01 5.490E-01 5.590E-01 4.370E-01 3.890E-01 2.600E-01 2.410E-01 2.740E-01 2.970E-01 2.810E-01 2.420E-01 2.110E-01 1.570E-01 1.020E-01 1.280E-01 6.310E-01 1.150E+00 2.687E+00 1.585E+01 1.157E+01 1.211E+01 7.933E+00 2.690E+00 1.471E+00
0.000E+00 0.000E+00 0.000E+00 0.000E+00 0.000E+00 0.000E+00 0.000E+00 0.000E+00 0.000E+00 0.000E+00 0.000E+00 0.000E+00 0.000E+00 0.000E+00 0.000E+00 0.000E+00 0.000E+00 1.200E-02 4.200E-02 1.420E-01 2.050E-01 4.530E-01 2.135E+00 8.570E-01 1.028E+00 1.084E+00 1.556E+00 1.239E+00 2.031E+00 7.699E+00 3.168E+00 1.101E+00 8.200E-01 6.460E-01 4.050E-01 2.890E-01 2.450E-01 1.530E-01 9.600E-02 8.400E-02 2.900E-02 3.000E-03 0.000E+00 0.000E+00 0.000E+00 0.000E+00 0.000E+00 0.000E+00 9.000E-03 3.740E-01 1.144E+00 2.644E+00 1.066E+01 4.286E+00 3.262E+00 2.428E+00 1.053E+00 5.060E-01
5.000E-03 0.000E+00 0.000E+00 0.000E+00 0.000E+00 0.000E+00 0.000E+00 0.000E+00 0.000E+00 0.000E+00 0.000E+00 0.000E+00 0.000E+00 0.000E+00 0.000E+00 0.000E+00 0.000E+00 0.000E+00 1.600E-02 1.120E-01 1.900E-01 4.510E-01 2.842E+00 1.449E+00 5.210E+00 7.946E+00 8.020E+00 8.387E+00 8.453E+00 6.556E+00 1.109E+00 6.560E-01 4.730E-01 2.840E-01 1.380E-01 8.100E-02 4.700E-02 1.900E-02 0.000E+00 0.000E+00 0.000E+00 0.000E+00 0.000E+00 0.000E+00 0.000E+00 0.000E+00 0.000E+00 0.000E+00 2.500E-02 5.410E-01 1.073E+00 2.326E+00 1.011E+01 3.030E+00 1.723E+00 1.239E+00 4.290E-01 3.230E-01
1.810E-01 1.670E-01 1.400E-01 5.800E-02 3.500E-02 1.100E-02 0.000E+00 0.000E+00 0.000E+00 0.000E+00 0.000E+00 0.000E+00 0.000E+00 0.000E+00 0.000E+00 0.000E+00 0.000E+00 0.000E+00 0.000E+00 1.250E-01 2.360E-01 6.720E-01 6.772E+00 6.478E+00 4.587E+00 2.263E+00 2.166E+00 2.238E+00 2.035E+00 1.466E+00 8.140E-01 4.700E-01 2.800E-01 1.370E-01 5.900E-02 3.500E-02 1.600E-02 0.000E+00 0.000E+00 0.000E+00 0.000E+00 0.000E+00 0.000E+00 0.000E+00 0.000E+00 0.000E+00 0.000E+00 0.000E+00 3.500E-02 4.700E-01 9.510E-01 2.209E+00 8.664E+00 2.048E+00 1.058E+00 6.590E-01 2.060E-01 8.700E-02
3.180E-01 3.140E-01 2.710E-01 1.290E-01 9.500E-02 4.700E-02 0.000E+00 0.000E+00 0.000E+00 0.000E+00 0.000E+00 0.000E+00 0.000E+00 0.000E+00 0.000E+00 0.000E+00 0.000E+00 0.000E+00 0.000E+00 1.590E-01 2.940E-01 7.870E-01 5.410E+00 1.629E+00 1.412E+00 1.187E+00 1.018E+00 9.990E-01 8.230E-01 5.930E-01 3.730E-01 2.050E-01 9.600E-02 7.000E-03 0.000E+00 0.000E+00 0.000E+00 0.000E+00 0.000E+00 0.000E+00 0.000E+00 0.000E+00 0.000E+00 0.000E+00 0.000E+00 0.000E+00 0.000E+00 0.000E+00 4.700E-02 3.760E-01 7.870E-01 4.292E+00 3.338E+00 -9.990E+02 -9.990E+02 -9.990E+02 0.000E+00 0.000E+00
7.230E-01 7.100E-01 5.430E-01 3.130E-01 1.830E-01 1.000E-01 3.400E-02 4.000E-03 0.000E+00 0.000E+00 0.000E+00 0.000E+00 0.000E+00 0.000E+00 0.000E+00 0.000E+00 0.000E+00 0.000E+00 0.000E+00 1.790E-01 3.500E-01 8.080E-01 5.274E+00 1.219E+00 7.340E-01 6.300E-01 5.040E-01 3.620E-01 3.970E-01 2.860E-01 1.770E-01 9.500E-02 2.400E-02 0.000E+00 0.000E+00 0.000E+00 0.000E+00 0.000E+00 0.000E+00 0.000E+00 0.000E+00 0.000E+00 0.000E+00 0.000E+00 0.000E+00 0.000E+00 0.000E+00 0.000E+00 5.800E-02 3.080E-01 6.560E-01 2.327E+00 6.650E-01 -9.990E+02 -9.990E+02 -9.990E+02 -9.990E+02 0.000E+00
4.271E+00 4.064E+00 1.851E+00 5.500E-01 3.050E-01 1.900E-01 1.000E-01 4.800E-02 4.000E-03 0.000E+00 0.000E+00 0.000E+00 0.000E+00 0.000E+00 0.000E+00 0.000E+00 0.000E+00 0.000E+00 1.000E-03 2.100E-01 3.920E-01 9.070E-01 5.601E+00 9.980E-01 4.560E-01 2.960E-01 4.900E-02 1.500E-02 0.000E+00 0.000E+00 0.000E+00 0.000E+00 0.000E+00 0.000E+00 0.000E+00 -9.990E+02 -9.990E+02 -9.990E+02 0.000E+00 0.000E+00 0.000E+00 0.000E+00 0.000E+00 0.000E+00 0.000E+00 0.000E+00 0.000E+00 0.000E+00 6.100E-02 1.830E-01 3.350E-01 4.180E-01 -9.990E+02 -9.990E+02 -9.990E+02 -9.990E+02 -9.990E+02 -9.990E+02
8.610E-01 1.119E+00 4.582E+00 8.240E-01 5.110E-01 3.270E-01 2.030E-01 1.230E-01 5.600E-02 8.000E-03 0.000E+00 0.000E+00 0.000E+00 0.000E+00 0.000E+00 0.000E+00 9.000E-03 3.300E-02 7.200E-02 3.000E-01 4.870E-01 9.550E-01 5.120E+00 9.690E-01 3.730E-01 1.970E-01 0.000E+00 0.000E+00 0.000E+00 0.000E+00 0.000E+00 0.000E+00 -9.990E+02 -9.990E+02 -9.990E+02 -9.990E+02 -9.990E+02 0.000E+00 0.000E+00 0.000E+00 0.000E+00 0.000E+00 0.000E+00 0.000E+00 0.000E+00 0.000E+00 0.000E+00 0.000E+00 4.800E-02 8.100E-02 1.160E-01 -9.990E+02 -9.990E+02 -9.990E+02 -9.990E+02 -9.990E+02 -9.990E+02 -9.990E+02
