Data/conc_no2_2013/rwc_no2_2013.asc
NCOLS          280
NROWS          320
XLLCORNER            0
YLLCORNER       300000
CELLSIZE         1000
NODATA_VALUE  -9.990E+02
[rows 78 to 103 of 320, columns 174 to 231 of 280]
8.700E-02 2.390E-01 6.050E-01 2.966E+00 3.208E+00 8.500E-01 4.370E-01 2.050E-01 7.100E-02 1.000E-02 0.000E+00 0.000E+00 0.000E+00 0.000E+00 0.000E+00 0.000E+00 0.000E+00 0.000E+00 0.000E+00 0.000E+00 6.800E-02 1.780E-01 3.560E-01 7.190E-01 3.613E+00 8.590E-01 4.750E-01 2.160E-01 1.120E-01 4.200E-02 0.000E+00 0.000E+00 0.000E+00 0.000E+00 0.000E+00 0.000E+00 0.000E+00 0.000E+00 0.000E+00 0.000E+00 0.000E+00 0.000E+00 0.000E+00 0.000E+00 0.000E+00 0.000E+00 0.000E+00 0.000E+00 0.000E+00 0.000E+00 0.000E+00 5.300E-02 2.160E-01 4.480E-01 1.055E+00 5.063E+00 7.810E-01 3.730E-01
9.800E-02 2.100E-01 4.830E-01 4.271E+00 1.092E+00 5.980E-01 3.760E-01 1.820E-01 3.100E-02 0.000E+00 0.000E+00 0.000E+00 0.000E+00 0.000E+00 0.000E+00 0.000E+00 0.000E+00 0.000E+00 0.000E+00 0.000E+00 4.100E-02 1.280E-01 2.490E-01 5.200E-01 1.730E+00 2.850E+00 6.430E-01 3.530E-01 1.840E-01 8.200E-02 1.400E-02 0.000E+00 0.000E+00 0.000E+00 0.000E+00 0.000E+00 0.000E+00 0.000E+00 0.000E+00 0.000E+00 0.000E+00 0.000E+00 0.000E+00 0.000E+00 0.000E+00 0.000E+00 0.000E+00 0.000E+00 0.000E+00 0.000E+00 1.500E-02 8.700E-02 2.890E-01 6.000E-01 1.816E+00 4.628E+00 8.090E-01 3.630E-01
1.090E-01 3.170E-01 4.930E-01 3.223E+00 1.050E+00 6.600E-01 3.900E-01 1.960E-01 3.900E-02 0.000E+00 0.000E+00 0.000E+00 0.000E+00 0.000E+00 0.000E+00 0.000E+00 0.000E+00 0.000E+00 0.000E+00 0.000E+00 1.800E-02 8.300E-02 1.730E-01 3.250E-01 5.740E-01 2.386E+00 1.440E+00 5.520E-01 2.790E-01 1.190E-01 4.600E-02 6.000E-03 0.000E+00 0.000E+00 0.000E+00 0.000E+00 0.000E+00 0.000E+00 0.000E+00 0.000E+00 0.000E+00 0.000E+00 0.000E+00 0.000E+00 0.000E+00 0.000E+00 0.000E+00 0.000E+00 0.000E+00 0.000E+00 4.500E-02 1.290E-01 3.110E-01 8.090E-01 4.616E+00 1.089E+00 5.330E-01 2.520E-01
9.800E-02 2.660E-01 5.360E-01 1.642E+00 3.695E+00 8.990E-01 4.540E-01 2.340E-01 8.000E-02 0.000E+00 0.000E+00 0.000E+00 0.000E+00 0.000E+00 0.000E+00 0.000E+00 0.000E+00 0.000E+00 0.000E+00 0.000E+00 0.000E+00 4.300E-02 1.050E-01 1.980E-01 3.260E-01 6.370E-01 3.453E+00 8.390E-01 4.130E-01 2.180E-01 1.500E-01 1.100E-01 5.600E-02 2.600E-02 0.000E+00 0.000E+00 0.000E+00 0.000E+00 0.000E+00 0.000E+00 0.000E+00 0.000E+00 0.000E+00 0.000E+00 0.000E+00 0.000E+00 0.000E+00 0.000E+00 0.000E+00 3.000E-03 7.000E-02 1.700E-01 4.340E-01 9.220E-01 4.119E+00 8.220E-01 4.110E-01 1.630E-01
6.400E-02 1.910E-01 4.100E-01 8.490E-01 4.454E+00 1.100E+00 6.140E-01 2.950E-01 1.190E-01 0.000E+00 0.000E+00 0.000E+00 0.000E+00 0.000E+00 0.000E+00 0.000E+00 0.000E+00 0.000E+00 0.000E+00 0.000E+00 0.000E+00 9.000E-03 4.800E-02 1.210E-01 2.410E-01 5.030E-01 1.698E+00 2.452E+00 5.720E-01 3.490E-01 2.680E-01 2.350E-01 1.660E-01 1.150E-01 6.200E-02 3.100E-02 0.000E+00 0.000E+00 0.000E+00 0.000E+00 0.000E+00 0.000E+00 0.000E+00 0.000E+00 0.000E+00 0.000E+00 0.000E+00 0.000E+00 0.000E+00 2.000E-02 1.020E-01 2.590E-01 6.090E-01 4.021E+00 1.161E+00 4.820E-01 2.850E-01 8.900E-02
2.600E-02 1.260E-01 3.190E-01 5.910E-01 1.277E+00 3.990E+00 8.550E-01 2.620E-01 1.650E-01 5.000E-03 0.000E+00 0.000E+00 0.000E+00 0.000E+00 0.000E+00 0.000E+00 0.000E+00 0.000E+00 0.000E+00 0.000E+00 0.000E+00 0.000E+00 1.300E-02 6.700E-02 1.490E-01 3.080E-01 6.380E-01 3.173E+00 1.493E+00 6.590E-01 5.700E-01 4.370E-01 3.010E-01 2.250E-01 1.410E-01 8.100E-02 2.700E-02 0.000E+00 0.000E+00 0.000E+00 0.000E+00 0.000E+00 0.000E+00 0.000E+00 0.000E+00 0.000E+00 0.000E+00 0.000E+00 0.000E+00 4.900E-02 2.130E-01 4.260E-01 8.250E-01 5.104E+00 1.108E+00 4.690E-01 2.090E-01 4.400E-02
7.000E-03 5.900E-02 2.460E-01 4.330E-01 8.970E-01 4.353E+00 9.230E-01 2.760E-01 1.920E-01 4.300E-02 0.000E+00 0.000E+00 0.000E+00 0.000E+00 0.000E+00 0.000E+00 0.000E+00 0.000E+00 0.000E+00 0.000E+00 0.000E+00 0.000E+00 0.000E+00 3.900E-02 1.090E-01 2.040E-01 2.850E-01 6.960E-01 3.266E+00 3.269E+00 2.876E+00 7.750E-01 6.890E-01 4.620E-01 2.630E-01 1.590E-01 7.400E-02 7.000E-03 0.000E+00 0.000E+00 0.000E+00 0.000E+00 0.000E+00 0.000E+00 0.000E+00 0.000E+00 0.000E+00 0.000E+00 0.000E+00 9.700E-02 3.060E-01 6.000E-01 1.697E+00 4.622E+00 9.060E-01 3.920E-01 1.450E-01 1.700E-02
0.000E+00 3.600E-02 2.060E-01 3.760E-01 7.970E-01 3.840E+00 6.780E-01 3.160E-01 1.800E-01 9.000E-02 0.000E+00 0.000E+00 0.000E+00 0.000E+00 0.000E+00 0.000E+00 0.000E+00 0.000E+00 0.000E+00 0.000E+00 0.000E+00 0.000E+00 0.000E+00 9.000E-03 5.900E-02 1.280E-01 2.070E-01 3.690E-01 4.170E-01 5.640E-01 1.336E+00 3.024E+00 3.268E+00 8.530E-01 4.520E-01 2.450E-01 1.170E-01 4.300E-02 0.000E+00 0.000E+00 0.000E+00 0.000E+00 0.000E+00 0.000E+00 0.000E+00 0.000E+00 0.000E+00 0.000E+00 0.000E+00 1.470E-01 3.940E-01 8.130E-01 4.498E+00 1.298E+00 6.000E-01 3.420E-01 9.400E-02 1.000E-03
0.000E+00 3.000E-03 1.510E-01 3.360E-01 7.110E-01 3.596E+00 1.543E+00 5.370E-01 2.500E-01 9.000E-02 0.000E+00 0.000E+00 0.000E+00 0.000E+00 0.000E+00 0.000E+00 0.000E+00 0.000E+00 0.000E+00 0.000E+00 0.000E+00 0.000E+00 0.000E+00 0.000E+00 2.500E-02 7.100E-02 1.140E-01 1.750E-01 2.240E-01 2.190E-01 3.310E-01 5.400E-01 1.661E+00 3.234E+00 7.040E-01 3.130E-01 1.690E-01 8.800E-02 0.000E+00 0.000E+00 0.000E+00 0.000E+00 0.000E+00 0.000E+00 0.000E+00 0.000E+00 0.000E+00 0.000E+00 0.000E+00 1.860E-01 4.380E-01 9.180E-01 4.845E+00 1.130E+00 5.240E-01 3.280E-01 8.500E-02 0.000E+00
0.000E+00 0.000E+00 1.000E-01 2.920E-01 5.010E-01 9.510E-01 4.097E+00 8.890E-01 3.560E-01 1.330E-01 0.000E+00 0.000E+00 0.000E+00 0.000E+00 0.000E+00 0.000E+00 0.000E+00 0.000E+00 0.000E+00 0.000E+00 0.000E+00 0.000E+00 0.000E+00 0.000E+00 0.000E+00 2.500E-02 4.800E-02 7.900E-02 9.400E-02 1.430E-01 2.510E-01 4.370E-01 7.710E-01 3.453E+00 1.567E+00 4.500E-01 2.910E-01 1.600E-01 2.200E-02 0.000E+00 0.000E+00 0.000E+00 0.000E+00 0.000E+00 0.000E+00 0.000E+00 0.000E+00 0.000E+00 0.000E+00 2.010E-01 3.610E-01 9.410E-01 4.439E+00 1.016E+00 5.330E-01 3.300E-01 9.000E-02 0.000E+00
0.000E+00 0.000E+00 5.300E-02 2.540E-01 4.100E-01 6.740E-01 4.231E+00 9.750E-01 4.250E-01 2.140E-01 0.000E+00 0.000E+00 0.000E+00 0.000E+00 0.000E+00 0.000E+00 0.000E+00 0.000E+00 0.000E+00 0.000E+00 0.000E+00 0.000E+00 0.000E+00 0.000E+00 0.000E+00 0.000E+00 0.000E+00 5.000E-03 2.200E-02 6.000E-02 1.420E-01 2.960E-01 5.450E-01 9.490E-01 4.090E+00 6.850E-01 3.630E-01 2.220E-01 6.000E-02 0.000E+00 0.000E+00 0.000E+00 0.000E+00 0.000E+00 0.000E+00 0.000E+00 0.000E+00 0.000E+00 0.000E+00 1.890E-01 3.000E-01 8.520E-01 4.741E+00 1.185E+00 6.550E-01 3.610E-01 1.220E-01 0.000E+00
0.000E+00 0.000E+00 2.500E-02 2.540E-01 4.060E-01 8.430E-01 4.268E+00 9.910E-01 4.390E-01 2.460E-01 0.000E+00 0.000E+00 0.000E+00 0.000E+00 0.000E+00 0.000E+00 0.000E+00 0.000E+00 0.000E+00 0.000E+00 0.000E+00 0.000E+00 0.000E+00 0.000E+00 0.000E+00 0.000E+00 0.000E+00 0.000E+00 0.000E+00 7.000E-03 6.500E-02 1.980E-01 4.010E-01 8.360E-01 4.191E+00 1.127E+00 6.770E-01 3.190E-01 1.390E-01 9.000E-03 0.000E+00 0.000E+00 0.000E+00 0.000E+00 0.000E+00 0.000E+00 0.000E+00 0.000E+00 0.000E+00 1.530E-01 3.280E-01 7.260E-01 2.473E+00 3.436E+00 8.660E-01 4.180E-01 1.690E-01 0.000E+00
0.000E+00 0.000E+00 0.000E+00 2.430E-01 3.910E-01 8.790E-01 4.395E+00 1.001E+00 4.430E-01 2.570E-01 0.000E+00 0.000E+00 0.000E+00 0.000E+00 0.000E+00 0.000E+00 0.000E+00 0.000E+00 0.000E+00 0.000E+00 0.000E+00 0.000E+00 0.000E+00 0.000E+00 0.000E+00 0.000E+00 0.000E+00 0.000E+00 0.000E+00 0.000E+00 2.600E-02 1.360E-01 3.270E-01 6.140E-01 1.262E+00 4.164E+00 9.690E-01 4.320E-01 2.340E-01 5.800E-02 0.000E+00 0.000E+00 0.000E+00 0.000E+00 0.000E+00 0.000E+00 0.000E+00 0.000E+00 0.000E+00 9.300E-02 2.280E-01 5.230E-01 9.810E-01 4.481E+00 8.950E-01 4.300E-01 2.130E-01 2.300E-02
0.000E+00 0.000E+00 0.000E+00 2.380E-01 3.910E-01 8.610E-01 4.316E+00 9.730E-01 4.240E-01 2.430E-01 3.000E-03 0.000E+00 0.000E+00 0.000E+00 0.000E+00 0.000E+00 0.000E+00 0.000E+00 0.000E+00 0.000E+00 0.000E+00 0.000E+00 0.000E+00 0.000E+00 0.000E+00 0.000E+00 0.000E+00 0.000E+00 0.000E+00 0.000E+00 0.000E+00 8.000E-02 2.450E-01 4.270E-01 9.010E-01 4.309E+00 1.070E+00 5.700E-01 3.120E-01 1.130E-01 0.000E+00 0.000E+00 0.000E+00 0.000E+00 0.000E+00 0.000E+00 0.000E+00 0.000E+00 0.000E+00 3.900E-02 2.340E-01 4.700E-01 9.770E-01 4.823E+00 1.057E+00 5.320E-01 4.070E-01 2.580E-01
0.000E+00 0.000E+00 0.000E+00 2.110E-01 3.730E-01 8.310E-01 4.255E+00 9.150E-01 4.040E-01 2.460E-01 3.100E-02 0.000E+00 0.000E+00 0.000E+00 0.000E+00 0.000E+00 0.000E+00 0.000E+00 0.000E+00 0.000E+00 0.000E+00 0.000E+00 0.000E+00 0.000E+00 0.000E+00 0.000E+00 0.000E+00 0.000E+00 0.000E+00 0.000E+00 0.000E+00 4.000E-02 1.910E-01 2.170E-01 7.650E-01 3.559E+00 1.835E+00 7.960E-01 3.930E-01 1.630E-01 0.000E+00 0.000E+00 0.000E+00 0.000E+00 0.000E+00 0.000E+00 0.000E+00 1.700E-02 4.900E-02 1.000E-01 3.660E-01 7.020E-01 1.214E+00 4.430E+00 9.680E-01 5.870E-01 5.220E-01 4.430E-01
0.000E+00 0.000E+00 0.000E+00 1.660E-01 2.830E-01 6.960E-01 3.846E+00 8.550E-01 4.350E-01 2.710E-01 7.400E-02 0.000E+00 0.000E+00 0.000E+00 0.000E+00 0.000E+00 0.000E+00 0.000E+00 0.000E+00 0.000E+00 0.000E+00 0.000E+00 0.000E+00 0.000E+00 0.000E+00 0.000E+00 0.000E+00 0.000E+00 0.000E+00 0.000E+00 0.000E+00 2.000E-03 1.250E-01 3.450E-01 5.660E-01 1.050E+00 4.529E+00 9.880E-01 3.980E-01 1.350E-01 0.000E+00 0.000E+00 0.000E+00 0.000E+00 0.000E+00 0.000E+00 1.700E-02 5.600E-02 1.260E-01 2.590E-01 7.050E-01 8.770E-01 1.037E+00 4.119E+00 1.234E+00 9.260E-01 9.290E-01 2.288E+00
0.000E+00 0.000E+00 1.300E-02 1.360E-01 2.280E-01 5.070E-01 3.166E+00 1.253E+00 6.090E-01 3.210E-01 1.050E-01 0.000E+00 0.000E+00 0.000E+00 0.000E+00 0.000E+00 0.000E+00 0.000E+00 0.000E+00 0.000E+00 0.000E+00 0.000E+00 0.000E+00 0.000E+00 0.000E+00 0.000E+00 0.000E+00 0.000E+00 0.000E+00 0.000E+00 0.000E+00 0.000E+00 7.400E-02 3.010E-01 4.810E-01 9.000E-01 4.563E+00 1.221E+00 7.310E-01 5.490E-01 3.580E-01 3.080E-01 2.200E-01 1.290E-01 8.600E-02 8.200E-02 1.760E-01 2.400E-01 4.940E-01 7.020E-01 1.627E+00 2.026E+00 1.842E+00 7.920E+00 4.227E+00 3.938E+00 4.602E+00 2.755E+00
4.000E-03 3.100E-02 6.300E-02 1.990E-01 2.630E-01 4.280E-01 1.013E+00 3.338E+00 7.880E-01 3.280E-01 1.190E-01 0.000E+00 0.000E+00 0.000E+00 0.000E+00 0.000E+00 0.000E+00 0.000E+00 0.000E+00 0.000E+00 0.000E+00 0.000E+00 0.000E+00 0.000E+00 0.000E+00 0.000E+00 0.000E+00 0.000E+00 0.000E+00 0.000E+00 0.000E+00 0.000E+00 5.500E-02 3.200E-01 4.020E-01 7.060E-01 4.759E+00 1.343E+00 1.034E+00 9.590E-01 7.160E-01 6.750E-01 6.010E-01 5.050E-01 5.360E-01 5.250E-01 6.340E-01 7.490E-01 8.030E-01 1.938E+00 6.744E+00 7.911E+00 7.711E+00 4.052E+00 1.318E+00 9.640E-01 8.570E-01 6.900E-01
4.700E-02 1.040E-01 1.830E-01 3.300E-01 5.270E-01 6.150E-01 1.044E+00 4.218E+00 8.050E-01 3.140E-01 1.300E-01 1.100E-02 0.000E+00 0.000E+00 0.000E+00 0.000E+00 0.000E+00 0.000E+00 0.000E+00 0.000E+00 0.000E+00 0.000E+00 0.000E+00 0.000E+00 0.000E+00 0.000E+00 0.000E+00 0.000E+00 0.000E+00 0.000E+00 0.000E+00 0.000E+00 7.900E-02 3.630E-01 4.130E-01 7.910E-01 4.200E+00 1.248E+00 1.714E+00 1.858E+00 1.535E+00 1.410E+00 1.027E+00 7.460E-01 8.050E-01 9.330E-01 1.115E+00 1.567E+00 2.233E+00 6.349E+00 5.282E+00 2.043E+00 2.704E+00 1.192E+00 7.120E-01 5.240E-01 3.910E-01 3.330E-01
1.200E-01 2.270E-01 3.910E-01 6.650E-01 1.221E+00 3.321E+00 3.823E+00 2.844E+00 6.460E-01 2.850E-01 1.400E-01 2.500E-02 0.000E+00 0.000E+00 0.000E+00 0.000E+00 0.000E+00 0.000E+00 0.000E+00 0.000E+00 0.000E+00 0.000E+00 0.000E+00 0.000E+00 0.000E+00 0.000E+00 0.000E+00 0.000E+00 0.000E+00 0.000E+00 0.000E+00 0.000E+00 1.560E-01 4.340E-01 5.480E-01 1.764E+00 5.711E+00 5.334E+00 7.108E+00 6.813E+00 6.337E+00 5.943E+00 1.703E+00 1.716E+00 1.854E+00 1.897E+00 2.282E+00 6.725E+00 7.636E+00 5.043E+00 1.590E+00 1.125E+00 1.762E+00 6.460E-01 4.640E-01 3.320E-01 2.210E-01 1.880E-01
1.480E-01 4.590E-01 8.940E-01 2.060E+00 4.971E+00 2.023E+00 9.820E-01 1.683E+00 5.410E-01 2.950E-01 1.540E-01 4.600E-02 1.200E-02 0.000E+00 0.000E+00 0.000E+00 0.000E+00 0.000E+00 0.000E+00 0.000E+00 0.000E+00 0.000E+00 0.000E+00 0.000E+00 0.000E+00 0.000E+00 0.000E+00 0.000E+00 0.000E+00 0.000E+00 0.000E+00 0.000E+00 2.220E-01 6.190E-01 1.353E+00 5.793E+00 8.294E+00 5.319E+00 2.221E+00 1.575E+00 1.412E+00 2.207E+00 5.963E+00 7.314E+00 7.365E+00 7.319E+00 7.576E+00 3.157E+00 1.687E+00 1.242E+00 6.180E-01 4.250E-01 1.505E+00 4.880E-01 2.510E-01 1.140E-01 1.400E-02 0.000E+00
4.690E-01 1.024E+00 3.702E+00 4.341E+00 1.136E+00 6.540E-01 5.010E-01 5.570E-01 1.372E+00 3.340E-01 1.670E-01 7.500E-02 2.800E-02 0.000E+00 0.000E+00 0.000E+00 0.000E+00 0.000E+00 0.000E+00 0.000E+00 0.000E+00 0.000E+00 0.000E+00 0.000E+00 0.000E+00 0.000E+00 0.000E+00 0.000E+00 0.000E+00 0.000E+00 0.000E+00 0.000E+00 2.710E-01 7.290E-01 1.795E+00 9.047E+00 4.845E+00 1.985E+00 1.327E+00 8.680E-01 7.050E-01 7.530E-01 1.144E+00 1.516E+00 1.594E+00 1.598E+00 1.438E+00 8.310E-01 6.870E-01 5.570E-01 4.030E-01 2.910E-01 1.716E+00 3.590E-01 1.490E-01 7.800E-02 0.000E+00 0.000E+00
9.800E-01 4.419E+00 2.796E+00 1.044E+00 5.370E-01 3.610E-01 3.090E-01 3.690E-01 1.373E+00 3.850E-01 2.120E-01 1.030E-01 4.600E-02 9.000E-03 0.000E+00 0.000E+00 0.000E+00 0.000E+00 0.000E+00 0.000E+00 0.000E+00 0.000E+00 0.000E+00 0.000E+00 0.000E+00 0.000E+00 0.000E+00 0.000E+00 0.000E+00 0.000E+00 0.000E+00 0.000E+00 2.990E-01 7.890E-01 1.882E+00 9.458E+00 2.550E+00 1.485E+00 1.024E+00 6.330E-01 4.320E-01 4.860E-01 4.180E-01 6.090E-01 7.070E-01 6.620E-01 6.060E-01 4.720E-01 3.510E-01 3.110E-01 2.680E-01 3.590E-01 1.578E+00 3.290E-01 1.440E-01 6.300E-02 0.000E+00 0.000E+00
3.676E+00 2.800E+00 9.790E-01 5.270E-01 2.610E-01 1.840E-01 1.760E-01 2.210E-01 4.710E-01 1.286E+00 2.810E-01 1.370E-01 7.500E-02 2.800E-02 8.000E-03 0.000E+00 0.000E+00 0.000E+00 0.000E+00 0.000E+00 0.000E+00 0.000E+00 0.000E+00 0.000E+00 0.000E+00 0.000E+00 0.000E+00 0.000E+00 0.000E+00 0.000E+00 0.000E+00 0.000E+00 2.880E-01 7.410E-01 1.388E+00 4.397E+00 4.998E+00 1.296E+00 7.350E-01 3.730E-01 1.120E-01 2.050E-01 1.880E-01 2.960E-01 3.320E-01 3.240E-01 2.460E-01 1.840E-01 1.350E-01 1.680E-01 2.110E-01 5.040E-01 1.465E+00 2.780E-01 1.220E-01 4.800E-02 0.000E+00 0.000E+00
4.989E+00 1.327E+00 6.340E-01 2.220E-01 1.050E-01 8.300E-02 7.700E-02 1.110E-01 2.750E-01 1.365E+00 2.850E-01 1.990E-01 1.150E-01 5.700E-02 2.500E-02 0.000E+00 0.000E+00 0.000E+00 0.000E+00 0.000E+00 0.000E+00 0.000E+00 0.000E+00 0.000E+00 0.000E+00 0.000E+00 0.000E+00 0.000E+00 0.000E+00 0.000E+00 0.000E+00 0.000E+00 2.210E-01 6.010E-01 9.180E-01 1.468E+00 6.133E+00 1.171E+00 7.330E-01 3.520E-01 0.000E+00 0.000E+00 0.000E+00 0.000E+00 0.000E+00 0.000E+00 0.000E+00 1.700E-02 6.200E-02 1.410E-01 2.920E-01 1.401E+00 4.010E-01 1.960E-01 9.400E-02 3.200E-02 0.000E+00 0.000E+00
5.132E+00 1.056E+00 4.380E-01 1.970E-01 4.600E-02 2.100E-02 4.600E-02 8.400E-02 1.860E-01 5.450E-01 1.131E+00 3.010E-01 1.890E-01 9.200E-02 4.800E-02 1.100E-02 0.000E+00 0.000E+00 0.000E+00 0.000E+00 0.000E+00 0.000E+00 0.000E+00 0.000E+00 0.000E+00 0.000E+00 0.000E+00 0.000E+00 0.000E+00 0.000E+00 0.000E+00 0.000E+00 1.200E-01 4.980E-01 7.460E-01 1.459E+00 7.422E+00 1.637E+00 7.880E-01 4.170E-01 0.000E+00 0.000E+00 0.000E+00 0.000E+00 0.000E+00 0.000E+00 0.000E+00 3.200E-02 9.300E-02 1.940E-01 4.310E-01 1.700E+00 3.640E-01 1.670E-01 6.800E-02 1.800E-02 0.000E+00 0.000E+00
