Data/conc_no2_2013/rwc_no2_2013.asc
NCOLS          280
NROWS          320
XLLCORNER            0
YLLCORNER       300000
CELLSIZE         1000
NODATA_VALUE  -9.990E+02
[rows 234 to 259 of 320, columns 174 to 231 of 280]
0.000E+00 0.000E+00 0.000E+00 0.000E+00 0.000E+00 0.000E+00 0.000E+00 0.000E+00 0.000E+00 0.000E+00 0.000E+00 0.000E+00 0.000E+00 0.000E+00 0.000E+00 0.000E+00 0.000E+00 0.000E+00 0.000E+00 0.000E+00 0.000E+00 0.000E+00 0.000E+00 7.400E-02 2.440E-01 4.480E-01 6.900E-01 3.216E+00 4.840E+00 1.546E+00 9.840E-01 6.380E-01 2.640E-01 1.800E-01 4.500E-02 0.000E+00 0.000E+00 0.000E+00 0.000E+00 -9.990E+02 -9.990E+02 -9.990E+02 -9.990E+02 -9.990E+02 -9.990E+02 -9.990E+02 -9.990E+02 -9.990E+02 -9.990E+02 -9.990E+02 -9.990E+02 -9.990E+02 -9.990E+02 -9.990E+02 -9.990E+02 -9.990E+02 -9.990E+02 -9.990E+02
5.970E-01 5.710E-01 5.570E-01 4.080E-01 3.550E-01 3.860E-01 3.620E-01 3.320E-01 1.530E-01 7.100E-02 1.700E-02 0.000E+00 0.000E+00 0.000E+00 0.000E+00 0.000E+00 0.000E+00 0.000E+00 0.000E+00 0.000E+00 0.000E+00 0.000E+00 0.000E+00 2.100E-02 1.510E-01 3.390E-01 6.050E-01 8.350E-01 7.681E+00 2.361E+00 1.785E+00 1.129E+00 4.030E-01 3.230E-01 1.580E-01 1.000E-02 0.000E+00 0.000E+00 0.000E+00 -9.990E+02 -9.990E+02 -9.990E+02 -9.990E+02 -9.990E+02 -9.990E+02 -9.990E+02 -9.990E+02 -9.990E+02 -9.990E+02 -9.990E+02 -9.990E+02 -9.990E+02 -9.990E+02 -9.990E+02 -9.990E+02 -9.990E+02 -9.990E+02 -9.990E+02
9.350E-01 8.760E-01 9.820E-01 1.028E+00 9.100E-01 9.530E-01 8.800E-01 7.110E-01 6.330E-01 4.780E-01 3.400E-01 1.970E-01 7.300E-02 0.000E+00 0.000E+00 0.000E+00 0.000E+00 0.000E+00 0.000E+00 0.000E+00 0.000E+00 0.000E+00 0.000E+00 0.000E+00 7.000E-02 2.150E-01 3.440E-01 7.940E-01 1.304E+00 7.778E+00 5.562E+00 1.897E+00 8.640E-01 5.410E-01 2.980E-01 9.100E-02 0.000E+00 0.000E+00 0.000E+00 -9.990E+02 -9.990E+02 -9.990E+02 -9.990E+02 -9.990E+02 -9.990E+02 -9.990E+02 -9.990E+02 -9.990E+02 -9.990E+02 -9.990E+02 -9.990E+02 -9.990E+02 -9.990E+02 -9.990E+02 -9.990E+02 -9.990E+02 -9.990E+02 -9.990E+02
1.553E+00 1.572E+00 2.132E+00 2.112E+00 1.435E+00 1.488E+00 1.918E+00 1.384E+00 7.750E-01 6.610E-01 7.500E-01 5.580E-01 3.660E-01 2.090E-01 8.700E-02 0.000E+00 0.000E+00 0.000E+00 0.000E+00 0.000E+00 0.000E+00 0.000E+00 0.000E+00 0.000E+00 1.400E-02 1.280E-01 2.770E-01 4.850E-01 9.740E-01 1.715E+00 5.794E+00 5.516E+00 1.516E+00 8.270E-01 4.470E-01 1.780E-01 0.000E+00 0.000E+00 0.000E+00 -9.990E+02 -9.990E+02 -9.990E+02 -9.990E+02 -9.990E+02 -9.990E+02 -9.990E+02 -9.990E+02 -9.990E+02 -9.990E+02 -9.990E+02 -9.990E+02 -9.990E+02 -9.990E+02 -9.990E+02 -9.990E+02 -9.990E+02 -9.990E+02 -9.990E+02
8.052E+00 8.130E+00 8.705E+00 8.603E+00 8.050E+00 8.361E+00 7.635E+00 3.542E+00 1.993E+00 1.290E+00 1.368E+00 9.900E-01 8.000E-01 6.270E-01 4.400E-01 2.800E-01 1.760E-01 5.400E-02 0.000E+00 0.000E+00 0.000E+00 0.000E+00 0.000E+00 0.000E+00 1.700E-02 1.460E-01 3.010E-01 6.170E-01 1.016E+00 1.579E+00 2.357E+00 8.019E+00 3.469E+00 1.260E+00 1.261E+00 8.350E-01 5.470E-01 4.420E-01 2.850E-01 -9.990E+02 -9.990E+02 -9.990E+02 -9.990E+02 -9.990E+02 -9.990E+02 -9.990E+02 -9.990E+02 -9.990E+02 -9.990E+02 -9.990E+02 -9.990E+02 -9.990E+02 -9.990E+02 -9.990E+02 -9.990E+02 -9.990E+02 -9.990E+02 -9.990E+02
1.821E+00 1.806E+00 1.868E+00 1.927E+00 1.834E+00 1.255E+00 1.188E+00 6.927E+00 8.908E+00 7.306E+00 2.076E+00 1.440E+00 1.511E+00 1.110E+00 9.280E-01 7.360E-01 4.600E-01 3.460E-01 1.860E-01 7.900E-02 0.000E+00 2.000E-03 4.500E-02 1.120E-01 2.500E-01 3.360E-01 3.830E-01 1.026E+00 1.485E+00 1.885E+00 2.300E+00 3.051E+00 8.545E+00 2.667E+00 1.839E+00 9.710E-01 8.770E-01 7.480E-01 5.390E-01 -9.990E+02 -9.990E+02 -9.990E+02 -9.990E+02 -9.990E+02 -9.990E+02 -9.990E+02 -9.990E+02 -9.990E+02 -9.990E+02 -9.990E+02 -9.990E+02 -9.990E+02 -9.990E+02 -9.990E+02 -9.990E+02 -9.990E+02 -9.990E+02 -9.990E+02
8.260E-01 8.530E-01 9.160E-01 8.930E-01 9.070E-01 4.950E-01 6.380E-01 1.479E+00 1.927E+00 3.569E+00 7.529E+00 8.573E+00 2.389E+00 2.248E+00 1.898E+00 9.760E-01 8.270E-01 7.880E-01 6.920E-01 6.950E-01 6.800E-01 6.820E-01 6.040E-01 4.760E-01 8.410E-01 1.036E+00 1.235E+00 1.795E+00 2.521E+00 2.374E+00 3.021E+00 3.705E+00 8.848E+00 3.903E+00 3.153E+00 2.375E+00 1.497E+00 1.541E+00 9.470E-01 4.410E-01 -9.990E+02 -9.990E+02 -9.990E+02 -9.990E+02 -9.990E+02 -9.990E+02 -9.990E+02 -9.990E+02 -9.990E+02 -9.990E+02 -9.990E+02 -9.990E+02 -9.990E+02 -9.990E+02 -9.990E+02 -9.990E+02 -9.990E+02 -9.990E+02
3.480E-01 4.950E-01 5.210E-01 4.930E-01 3.430E-01 5.550E-01 5.210E-01 7.650E-01 9.510E-01 8.490E-01 1.319E+00 2.352E+00 8.276E+00 8.982E+00 5.916E+00 2.377E+00 1.902E+00 1.444E+00 1.043E+00 1.108E+00 1.113E+00 9.740E-01 8.810E-01 9.190E-01 1.426E+00 2.213E+00 2.867E+00 5.911E+00 1.042E+01 9.869E+00 9.799E+00 1.027E+01 1.567E+01 9.762E+00 1.043E+01 8.650E+00 7.008E+00 6.328E+00 1.399E+00 6.130E-01 -9.990E+02 -9.990E+02 -9.990E+02 -9.990E+02 -9.990E+02 -9.990E+02 -9.990E+02 -9.990E+02 -9.990E+02 -9.990E+02 -9.990E+02 -9.990E+02 -9.990E+02 -9.990E+02 -9.990E+02 -9.990E+02 -9.990E+02 -9.990E+02
0.000E+00 0.000E+00 0.000E+00 0.000E+00 3.200E-02 1.540E-01 2.630E-01 3.040E-01 5.080E-01 6.230E-01 8.840E-01 1.245E+00 1.729E+00 2.024E+00 5.382E+00 8.543E+00 7.257E+00 2.375E+00 2.225E+00 2.150E+00 2.320E+00 1.990E+00 2.102E+00 2.456E+00 3.165E+00 1.019E+01 1.053E+01 7.877E+00 2.677E+00 2.427E+00 2.569E+00 2.962E+00 9.369E+00 2.562E+00 2.337E+00 1.632E+00 1.125E+00 2.411E+00 4.394E+00 -9.990E+02 -9.990E+02 -9.990E+02 -9.990E+02 -9.990E+02 -9.990E+02 -9.990E+02 -9.990E+02 -9.990E+02 -9.990E+02 -9.990E+02 -9.990E+02 -9.990E+02 -9.990E+02 -9.990E+02 -9.990E+02 -9.990E+02 -9.990E+02 -9.990E+02
0.000E+00 0.000E+00 0.000E+00 0.000E+00 0.000E+00 0.000E+00 1.700E-02 8.000E-02 1.680E-01 2.980E-01 4.590E-01 6.510E-01 8.120E-01 1.064E+00 1.475E+00 1.926E+00 4.095E+00 8.359E+00 8.342E+00 8.809E+00 8.874E+00 8.689E+00 8.539E+00 9.224E+00 9.426E+00 2.629E+00 2.291E+00 1.770E+00 1.268E+00 1.235E+00 1.403E+00 2.061E+00 6.302E+00 1.716E+00 1.258E+00 9.970E-01 6.190E-01 7.350E-01 6.400E-01 3.190E-01 -9.990E+02 -9.990E+02 -9.990E+02 -9.990E+02 -9.990E+02 -9.990E+02 -9.990E+02 -9.990E+02 -9.990E+02 -9.990E+02 -9.990E+02 -9.990E+02 -9.990E+02 -9.990E+02 -9.990E+02 -9.990E+02 -9.990E+02 -9.990E+02
0.000E+00 0.000E+00 0.000E+00 0.000E+00 0.000E+00 0.000E+00 0.000E+00 0.000E+00 4.000E-03 7.100E-02 1.740E-01 2.970E-01 4.290E-01 5.330E-01 5.150E-01 1.003E+00 1.231E+00 1.711E+00 1.418E+00 1.949E+00 1.960E+00 1.877E+00 1.758E+00 1.875E+00 1.820E+00 1.273E+00 1.057E+00 8.400E-01 7.220E-01 7.940E-01 7.680E-01 1.460E+00 6.519E+00 1.572E+00 1.278E+00 8.590E-01 4.990E-01 3.940E-01 2.740E-01 1.740E-01 -9.990E+02 -9.990E+02 -9.990E+02 -9.990E+02 -9.990E+02 -9.990E+02 -9.990E+02 -9.990E+02 -9.990E+02 -9.990E+02 -9.990E+02 -9.990E+02 -9.990E+02 -9.990E+02 -9.990E+02 -9.990E+02 -9.990E+02 -9.990E+02
0.000E+00 0.000E+00 0.000E+00 0.000E+00 0.000E+00 0.000E+00 0.000E+00 0.000E+00 0.000E+00 0.000E+00 0.000E+00 3.900E-02 1.190E-01 2.160E-01 3.610E-01 5.000E-01 6.550E-01 7.820E-01 8.560E-01 7.370E-01 8.790E-01 8.690E-01 8.530E-01 8.400E-01 7.910E-01 6.230E-01 2.680E-01 1.680E-01 1.910E-01 2.490E-01 3.450E-01 6.630E-01 1.933E+00 6.200E+00 2.890E+00 8.570E-01 3.620E-01 2.400E-01 5.700E-02 4.900E-02 -9.990E+02 -9.990E+02 -9.990E+02 -9.990E+02 -9.990E+02 -9.990E+02 -9.990E+02 -9.990E+02 -9.990E+02 -9.990E+02 -9.990E+02 -9.990E+02 -9.990E+02 -9.990E+02 -9.990E+02 -9.990E+02 -9.990E+02 -9.990E+02
0.000E+00 0.000E+00 0.000E+00 0.000E+00 0.000E+00 0.000E+00 0.000E+00 0.000E+00 0.000E+00 0.000E+00 0.000E+00 0.000E+00 0.000E+00 2.400E-02 9.900E-02 1.140E-01 2.680E-01 3.760E-01 4.570E-01 5.090E-01 5.220E-01 5.280E-01 4.790E-01 3.980E-01 2.740E-01 1.870E-01 1.170E-01 4.800E-02 0.000E+00 8.500E-02 2.240E-01 4.460E-01 7.730E-01 1.102E+00 6.022E+00 1.185E+00 4.860E-01 1.710E-01 1.100E-02 -9.990E+02 -9.990E+02 -9.990E+02 -9.990E+02 -9.990E+02 -9.990E+02 -9.990E+02 -9.990E+02 -9.990E+02 -9.990E+02 -9.990E+02 -9.990E+02 -9.990E+02 -9.990E+02 -9.990E+02 -9.990E+02 -9.990E+02 -9.990E+02 -9.990E+02
0.000E+00 0.000E+00 0.000E+00 0.000E+00 0.000E+00 0.000E+00 0.000E+00 0.000E+00 0.000E+00 0.000E+00 0.000E+00 0.000E+00 0.000E+00 0.000E+00 0.000E+00 0.000E+00 0.000E+00 0.000E+00 0.000E+00 0.000E+00 0.000E+00 0.000E+00 0.000E+00 0.000E+00 0.000E+00 0.000E+00 0.000E+00 0.000E+00 0.000E+00 6.300E-02 1.940E-01 4.040E-01 5.310E-01 9.890E-01 4.951E+00 1.537E+00 4.880E-01 1.340E-01 -9.990E+02 -9.990E+02 -9.990E+02 -9.990E+02 -9.990E+02 -9.990E+02 -9.990E+02 -9.990E+02 -9.990E+02 -9.990E+02 -9.990E+02 -9.990E+02 -9.990E+02 -9.990E+02 -9.990E+02 -9.990E+02 -9.990E+02 -9.990E+02 -9.990E+02 -9.990E+02
1.900E-02 0.000E+00 0.000E+00 0.000E+00 0.000E+00 0.000E+00 0.000E+00 0.000E+00 0.000E+00 0.000E+00 0.000E+00 0.000E+00 0.000E+00 0.000E+00 0.000E+00 0.000E+00 0.000E+00 0.000E+00 0.000E+00 0.000E+00 0.000E+00 0.000E+00 0.000E+00 0.000E+00 0.000E+00 0.000E+00 0.000E+00 0.000E+00 9.000E-03 6.300E-02 1.550E-01 4.610E-01 6.820E-01 4.189E+00 1.460E+00 1.238E+00 3.870E-01 -9.990E+02 -9.990E+02 -9.990E+02 -9.990E+02 -9.990E+02 -9.990E+02 -9.990E+02 -9.990E+02 -9.990E+02 -9.990E+02 -9.990E+02 -9.990E+02 -9.990E+02 -9.990E+02 -9.990E+02 -9.990E+02 -9.990E+02 -9.990E+02 -9.990E+02 -9.990E+02 -9.990E+02
1.360E-01 3.200E-02 0.000E+00 0.000E+00 0.000E+00 0.000E+00 0.000E+00 0.000E+00 0.000E+00 0.000E+00 0.000E+00 0.000E+00 0.000E+00 0.000E+00 0.000E+00 0.000E+00 0.000E+00 0.000E+00 0.000E+00 0.000E+00 0.000E+00 0.000E+00 0.000E+00 0.000E+00 0.000E+00 0.000E+00 0.000E+00 7.000E-03 4.400E-02 1.170E-01 2.480E-01 6.260E-01 1.194E+00 5.309E+00 8.990E-01 4.780E-01 -9.990E+02 -9.990E+02 -9.990E+02 -9.990E+02 -9.990E+02 -9.990E+02 -9.990E+02 -9.990E+02 -9.990E+02 -9.990E+02 -9.990E+02 -9.990E+02 -9.990E+02 -9.990E+02 -9.990E+02 -9.990E+02 -9.990E+02 -9.990E+02 -9.990E+02 -9.990E+02 -9.990E+02 -9.990E+02
2.610E-01 1.570E-01 9.700E-02 1.250E-01 1.470E-01 1.350E-01 1.000E-01 1.800E-02 0.000E+00 0.000E+00 0.000E+00 0.000E+00 0.000E+00 0.000E+00 0.000E+00 0.000E+00 0.000E+00 0.000E+00 0.000E+00 0.000E+00 0.000E+00 0.000E+00 0.000E+00 0.000E+00 0.000E+00 0.000E+00 0.000E+00 2.700E-02 8.800E-02 1.990E-01 4.980E-01 7.780E-01 4.058E+00 2.487E+00 6.730E-01 -9.990E+02 -9.990E+02 -9.990E+02 -9.990E+02 -9.990E+02 -9.990E+02 -9.990E+02 -9.990E+02 -9.990E+02 -9.990E+02 -9.990E+02 -9.990E+02 -9.990E+02 -9.990E+02 -9.990E+02 -9.990E+02 -9.990E+02 -9.990E+02 -9.990E+02 -9.990E+02 -9.990E+02 -9.990E+02 -9.990E+02
6.740E-01 4.630E-01 5.310E-01 6.400E-01 5.870E-01 4.510E-01 2.580E-01 1.500E-01 5.300E-02 0.000E+00 0.000E+00 0.000E+00 0.000E+00 0.000E+00 0.000E+00 0.000E+00 0.000E+00 0.000E+00 0.000E+00 0.000E+00 0.000E+00 0.000E+00 0.000E+00 0.000E+00 0.000E+00 0.000E+00 0.000E+00 6.000E-02 1.580E-01 3.720E-01 9.340E-01 3.560E+00 4.411E+00 1.037E+00 2.680E-01 -9.990E+02 -9.990E+02 -9.990E+02 -9.990E+02 -9.990E+02 -9.990E+02 -9.990E+02 -9.990E+02 -9.990E+02 -9.990E+02 -9.990E+02 -9.990E+02 -9.990E+02 -9.990E+02 -9.990E+02 -9.990E+02 -9.990E+02 -9.990E+02 -9.990E+02 -9.990E+02 -9.990E+02 -9.990E+02 -9.990E+02
8.680E-01 9.450E-01 1.137E+00 1.462E+00 1.239E+00 7.460E-01 5.070E-01 2.890E-01 1.000E-01 0.000E+00 0.000E+00 0.000E+00 0.000E+00 0.000E+00 0.000E+00 0.000E+00 0.000E+00 0.000E+00 0.000E+00 0.000E+00 0.000E+00 0.000E+00 0.000E+00 0.000E+00 0.000E+00 1.300E-02 4.600E-02 9.600E-02 3.330E-01 6.420E-01 3.119E+00 4.662E+00 1.355E+00 5.910E-01 -9.990E+02 -9.990E+02 -9.990E+02 -9.990E+02 -9.990E+02 -9.990E+02 -9.990E+02 -9.990E+02 -9.990E+02 -9.990E+02 -9.990E+02 -9.990E+02 -9.990E+02 -9.990E+02 -9.990E+02 -9.990E+02 -9.990E+02 -9.990E+02 -9.990E+02 -9.990E+02 -9.990E+02 -9.990E+02 -9.990E+02 -9.990E+02
1.562E+00 2.047E+00 2.776E+00 7.062E+00 3.128E+00 1.074E+00 6.310E-01 5.250E-01 3.260E-01 1.340E-01 2.700E-02 0.000E+00 0.000E+00 0.000E+00 0.000E+00 0.000E+00 0.000E+00 0.000E+00 0.000E+00 0.000E+00 0.000E+00 0.000E+00 0.000E+00 0.000E+00 1.200E-02 5.200E-02 1.010E-01 2.760E-01 3.630E-01 6.640E-01 4.298E+00 1.604E+00 7.660E-01 3.850E-01 -9.990E+02 -9.990E+02 -9.990E+02 -9.990E+02 -9.990E+02 -9.990E+02 -9.990E+02 -9.990E+02 -9.990E+02 -9.990E+02 -9.990E+02 -9.990E+02 -9.990E+02 -9.990E+02 -9.990E+02 -9.990E+02 -9.990E+02 -9.990E+02 -9.990E+02 -9.990E+02 -9.990E+02 -9.990E+02 -9.990E+02 -9.990E+02
7.462E+00 7.904E+00 7.042E+00 2.004E+00 6.155E+00 5.855E+00 1.117E+00 8.500E-01 4.580E-01 3.360E-01 1.710E-01 6.000E-02 0.000E+00 0.000E+00 0.000E+00 0.000E+00 0.000E+00 0.000E+00 0.000E+00 0.000E+00 0.000E+00 0.000E+00 0.000E+00 0.000E+00 3.800E-02 9.600E-02 2.040E-01 3.430E-01 6.850E-01 1.571E+00 5.904E+00 1.271E+00 4.220E-01 -9.990E+02 -9.990E+02 -9.990E+02 -9.990E+02 -9.990E+02 -9.990E+02 -9.990E+02 -9.990E+02 -9.990E+02 -9.990E+02 -9.990E+02 -9.990E+02 -9.990E+02 -9.990E+02 -9.990E+02 -9.990E+02 -9.990E+02 -9.990E+02 -9.990E+02 -9.990E+02 -9.990E+02 -9.990E+02 -9.990E+02 -9.990E+02 -9.990E+02
1.658E+00 1.649E+00 1.501E+00 1.155E+00 1.183E+00 6.901E+00 2.057E+00 1.570E+00 9.910E-01 6.010E-01 3.490E-01 1.710E-01 2.700E-02 0.000E+00 0.000E+00 0.000E+00 0.000E+00 0.000E+00 0.000E+00 0.000E+00 0.000E+00 0.000E+00 0.000E+00 2.400E-02 8.700E-02 2.010E-01 2.550E-01 9.120E-01 3.627E+00 5.935E+00 3.322E+00 8.060E-01 3.120E-01 -9.990E+02 -9.990E+02 -9.990E+02 -9.990E+02 -9.990E+02 -9.990E+02 -9.990E+02 -9.990E+02 -9.990E+02 -9.990E+02 -9.990E+02 -9.990E+02 -9.990E+02 -9.990E+02 -9.990E+02 -9.990E+02 -9.990E+02 -9.990E+02 -9.990E+02 -9.990E+02 -9.990E+02 -9.990E+02 -9.990E+02 -9.990E+02 -9.990E+02
7.200E-01 4.280E-01 4.800E-01 4.540E-01 6.620E-01 2.042E+00 8.096E+00 4.072E+00 1.800E+00 1.000E+00 5.880E-01 3.200E-01 1.180E-01 0.000E+00 0.000E+00 0.000E+00 0.000E+00 0.000E+00 0.000E+00 0.000E+00 0.000E+00 0.000E+00 1.700E-02 4.000E-02 1.660E-01 3.310E-01 7.220E-01 3.293E+00 4.305E+00 1.477E+00 8.280E-01 3.970E-01 -9.990E+02 -9.990E+02 -9.990E+02 -9.990E+02 -9.990E+02 -9.990E+02 -9.990E+02 -9.990E+02 -9.990E+02 -9.990E+02 -9.990E+02 -9.990E+02 -9.990E+02 -9.990E+02 -9.990E+02 -9.990E+02 -9.990E+02 -9.990E+02 -9.990E+02 -9.990E+02 -9.990E+02 -9.990E+02 -9.990E+02 -9.990E+02 -9.990E+02 -9.990E+02
3.170E-01 2.810E-01 2.460E-01 2.820E-01 3.890E-01 7.070E-01 1.586E+00 5.840E+00 6.186E+00 1.558E+00 9.140E-01 4.910E-01 2.350E-01 8.300E-02 0.000E+00 0.000E+00 0.000E+00 0.000E+00 0.000E+00 0.000E+00 0.000E+00 0.000E+00 4.900E-02 1.180E-01 2.760E-01 5.690E-01 1.331E+00 5.313E+00 1.356E+00 7.220E-01 4.160E-01 -9.990E+02 -9.990E+02 -9.990E+02 -9.990E+02 -9.990E+02 -9.990E+02 -9.990E+02 -9.990E+02 -9.990E+02 -9.990E+02 -9.990E+02 -9.990E+02 -9.990E+02 -9.990E+02 -9.990E+02 -9.990E+02 -9.990E+02 -9.990E+02 -9.990E+02 -9.990E+02 -9.990E+02 -9.990E+02 -9.990E+02 -9.990E+02 -9.990E+02 -9.990E+02 -9.990E+02
0.000E+00 0.000E+00 4.300E-02 1.010E-01 2.040E-01 5.370E-01 8.750E-01 1.606E+00 6.103E+00 3.994E+00 1.407E+00 7.490E-01 4.230E-01 2.020E-01 3.100E-02 0.000E+00 0.000E+00 0.000E+00 0.000E+00 0.000E+00 0.000E+00 0.000E+00 8.400E-02 1.930E-01 4.600E-01 1.203E+00 5.395E+00 2.045E+00 6.930E-01 3.530E-01 -9.990E+02 -9.990E+02 -9.990E+02 -9.990E+02 -9.990E+02 -9.990E+02 -9.990E+02 -9.990E+02 -9.990E+02 -9.990E+02 -9.990E+02 -9.990E+02 -9.990E+02 -9.990E+02 -9.990E+02 -9.990E+02 -9.990E+02 -9.990E+02 -9.990E+02 -9.990E+02 -9.990E+02 -9.990E+02 -9.990E+02 -9.990E+02 -9.990E+02 -9.990E+02 -9.990E+02 -9.990E+02
0.000E+00 0.000E+00 7.000E-03 8.500E-02 1.810E-01 3.240E-01 5.390E-01 8.950E-01 1.611E+00 7.488E+00 1.982E+00 1.078E+00 6.350E-01 3.400E-01 1.270E-01 0.000E+00 0.000E+00 0.000E+00 0.000E+00 0.000E+00 0.000E+00 0.000E+00 1.140E-01 2.860E-01 7.760E-01 4.614E+00 1.166E+00 6.130E-01 3.490E-01 1.380E-01 -9.990E+02 -9.990E+02 -9.990E+02 -9.990E+02 -9.990E+02 -9.990E+02 -9.990E+02 -9.990E+02 -9.990E+02 -9.990E+02 -9.990E+02 -9.990E+02 -9.990E+02 -9.990E+02 -9.990E+02 -9.990E+02 -9.990E+02 -9.990E+02 -9.990E+02 -9.990E+02 -9.990E+02 -9.990E+02 -9.990E+02 -9.990E+02 -9.990E+02 -9.990E+02 -9.990E+02 -9.990E+02
