Data/conc_no2_2013/rwc_no2_2013.asc
NCOLS          280
NROWS          320
XLLCORNER            0
YLLCORNER       300000
CELLSIZE         1000
NODATA_VALUE  -9.990E+02
[rows 208 to 233 of 320, columns 116 to 173 of 280]
8.210E-01 1.450E+00 1.891E+00 2.189E+00 1.253E+01 6.870E+00 6.148E+00 5.883E+00 4.335E+00 5.603E+00 5.516E+00 5.680E+00 6.030E+00 6.027E+00 6.630E+00 3.755E+00 3.687E+00 4.094E+00 4.147E+00 5.705E+00 4.677E+00 4.149E+00 2.540E+00 1.000E+00 2.018E+00 4.401E+00 4.694E+00 5.173E+00 7.218E+00 2.373E+00 7.690E-01 5.390E-01 5.750E-01 8.130E-01 1.173E+00 2.116E+00 1.096E+01 3.267E+00 1.491E+00 8.950E-01 4.440E-01 3.170E-01 2.390E-01 1.840E-01 1.090E-01 7.100E-02 2.900E-02 0.000E+00 9.400E-02 2.520E-01 5.260E-01 1.132E+00 6.675E+00 1.357E+00 8.780E-01 3.210E-01 1.410E-01 0.000E+00
2.545E+00 6.230E+00 6.860E+00 8.341E+00 8.589E+00 2.684E+00 1.965E+00 1.476E+00 8.360E-01 1.273E+00 1.278E+00 1.322E+00 1.469E+00 1.401E+00 1.284E+00 6.600E-01 6.240E-01 6.490E-01 7.690E-01 9.750E-01 7.800E-01 6.280E-01 5.830E-01 6.010E-01 6.630E-01 7.900E-01 9.440E-01 1.147E+00 1.207E+00 7.920E-01 6.030E-01 5.280E-01 5.540E-01 1.000E+00 1.621E+00 3.430E+00 1.055E+01 2.137E+00 1.029E+00 4.400E-01 1.690E-01 1.010E-01 6.300E-02 3.100E-02 0.000E+00 0.000E+00 0.000E+00 0.000E+00 4.400E-02 1.900E-01 4.480E-01 9.110E-01 3.463E+00 4.762E+00 1.275E+00 5.500E-01 1.870E-01 0.000E+00
4.971E+00 2.033E+00 2.586E+00 8.292E+00 2.893E+00 1.727E+00 1.256E+00 8.960E-01 5.700E-01 5.260E-01 6.080E-01 5.960E-01 5.990E-01 3.410E-01 4.920E-01 3.330E-01 2.960E-01 3.210E-01 3.400E-01 3.930E-01 4.290E-01 3.870E-01 3.750E-01 3.510E-01 3.580E-01 4.040E-01 4.830E-01 5.170E-01 4.750E-01 3.950E-01 5.040E-01 6.960E-01 1.169E+00 3.357E+00 1.093E+01 1.082E+01 3.817E+00 1.227E+00 5.840E-01 2.170E-01 2.500E-02 0.000E+00 0.000E+00 0.000E+00 0.000E+00 0.000E+00 0.000E+00 0.000E+00 1.200E-02 1.590E-01 4.690E-01 7.580E-01 1.521E+00 6.552E+00 1.211E+00 5.100E-01 2.200E-01 0.000E+00
1.107E+00 8.620E-01 1.116E+00 5.682E+00 2.337E+00 1.593E+00 1.061E+00 6.750E-01 3.540E-01 3.700E-01 3.890E-01 4.170E-01 3.960E-01 2.490E-01 1.880E-01 1.990E-01 2.490E-01 2.530E-01 2.240E-01 2.000E-01 1.660E-01 1.420E-01 1.390E-01 1.320E-01 1.450E-01 1.870E-01 2.220E-01 2.600E-01 2.710E-01 2.720E-01 4.560E-01 7.770E-01 3.128E+00 1.275E+01 3.955E+00 2.588E+00 1.565E+00 3.980E-01 2.290E-01 1.520E-01 0.000E+00 0.000E+00 0.000E+00 0.000E+00 0.000E+00 0.000E+00 9.000E-03 4.200E-02 9.500E-02 2.690E-01 5.790E-01 8.850E-01 1.725E+00 6.786E+00 1.037E+00 4.480E-01 2.100E-01 0.000E+00
5.790E-01 5.710E-01 7.540E-01 1.722E+00 6.564E+00 1.635E+00 7.180E-01 2.440E-01 0.000E+00 0.000E+00 0.000E+00 0.000E+00 0.000E+00 0.000E+00 0.000E+00 0.000E+00 0.000E+00 0.000E+00 0.000E+00 0.000E+00 0.000E+00 0.000E+00 0.000E+00 0.000E+00 0.000E+00 1.000E-02 3.200E-02 8.500E-02 1.540E-01 2.920E-01 7.170E-01 2.229E+00 2.783E+00 9.544E+00 2.933E+00 1.616E+00 1.016E+00 3.160E-01 1.570E-01 7.400E-02 0.000E+00 0.000E+00 0.000E+00 1.000E-03 2.500E-02 5.600E-02 1.520E-01 2.530E-01 3.800E-01 5.570E-01 6.840E-01 1.249E+00 2.108E+00 7.018E+00 1.014E+00 3.930E-01 1.750E-01 0.000E+00
3.220E-01 4.010E-01 5.240E-01 1.343E+00 7.593E+00 1.392E+00 5.810E-01 2.220E-01 0.000E+00 0.000E+00 0.000E+00 0.000E+00 0.000E+00 0.000E+00 0.000E+00 0.000E+00 0.000E+00 0.000E+00 0.000E+00 0.000E+00 0.000E+00 0.000E+00 0.000E+00 2.000E-03 2.100E-02 4.200E-02 7.100E-02 1.980E-01 3.650E-01 8.720E-01 3.359E+00 1.926E+00 1.510E+00 9.150E+00 2.588E+00 1.310E+00 6.000E-01 1.440E-01 7.100E-02 7.000E-03 0.000E+00 0.000E+00 0.000E+00 1.900E-02 6.000E-02 1.000E-01 2.050E-01 5.130E-01 7.600E-01 1.089E+00 1.551E+00 2.225E+00 5.376E+00 7.090E+00 9.140E-01 3.430E-01 1.700E-01 0.000E+00
1.920E-01 3.830E-01 6.790E-01 3.620E+00 5.151E+00 1.111E+00 4.120E-01 1.610E-01 0.000E+00 0.000E+00 0.000E+00 0.000E+00 0.000E+00 0.000E+00 0.000E+00 0.000E+00 0.000E+00 0.000E+00 0.000E+00 0.000E+00 0.000E+00 0.000E+00 6.000E-03 2.600E-02 6.400E-02 1.040E-01 2.440E-01 4.040E-01 7.230E-01 3.792E+00 1.003E+00 7.860E-01 1.418E+00 8.941E+00 2.340E+00 6.770E-01 4.820E-01 1.420E-01 0.000E+00 0.000E+00 0.000E+00 0.000E+00 0.000E+00 2.300E-02 9.700E-02 2.600E-01 5.690E-01 1.272E+00 1.774E+00 3.493E+00 6.793E+00 7.277E+00 5.421E+00 1.647E+00 7.010E-01 3.220E-01 1.560E-01 0.000E+00
2.640E-01 5.240E-01 1.139E+00 6.201E+00 1.205E+00 6.350E-01 2.060E-01 7.400E-02 0.000E+00 0.000E+00 0.000E+00 0.000E+00 0.000E+00 0.000E+00 0.000E+00 0.000E+00 0.000E+00 0.000E+00 0.000E+00 0.000E+00 0.000E+00 4.000E-03 2.000E-02 5.200E-02 1.270E-01 2.520E-01 4.590E-01 7.760E-01 2.862E+00 1.626E+00 7.290E-01 8.800E-01 1.502E+00 8.617E+00 2.217E+00 1.034E+00 8.090E-01 3.080E-01 9.300E-02 0.000E+00 0.000E+00 0.000E+00 0.000E+00 3.900E-02 1.830E-01 3.630E-01 1.286E+00 6.978E+00 6.748E+00 5.062E+00 1.235E+00 1.158E+00 1.089E+00 6.980E-01 3.540E-01 2.110E-01 9.000E-02 0.000E+00
4.650E-01 1.047E+00 6.228E+00 1.520E+00 6.230E-01 2.970E-01 1.330E-01 4.900E-02 0.000E+00 0.000E+00 0.000E+00 0.000E+00 0.000E+00 0.000E+00 0.000E+00 0.000E+00 0.000E+00 0.000E+00 0.000E+00 0.000E+00 9.000E-03 2.200E-02 7.100E-02 1.530E-01 2.630E-01 5.990E-01 1.784E+00 3.745E+00 8.860E-01 4.500E-01 4.900E-01 6.940E-01 1.198E+00 2.883E+00 7.127E+00 1.779E+00 8.560E-01 4.580E-01 2.060E-01 5.900E-02 0.000E+00 0.000E+00 0.000E+00 3.800E-02 2.380E-01 6.880E-01 4.598E+00 2.913E+00 1.395E+00 9.220E-01 5.830E-01 6.070E-01 4.640E-01 3.480E-01 1.900E-01 1.030E-01 4.100E-02 0.000E+00
8.890E-01 4.090E+00 5.018E+00 9.230E-01 3.830E-01 2.110E-01 8.300E-02 2.700E-02 0.000E+00 0.000E+00 0.000E+00 0.000E+00 0.000E+00 0.000E+00 0.000E+00 0.000E+00 0.000E+00 0.000E+00 0.000E+00 5.000E-03 3.100E-02 4.900E-02 8.800E-02 2.310E-01 6.120E-01 2.246E+00 3.293E+00 8.040E-01 4.040E-01 2.230E-01 3.050E-01 4.830E-01 5.510E-01 1.406E+00 7.956E+00 2.284E+00 1.355E+00 6.950E-01 3.250E-01 1.150E-01 0.000E+00 0.000E+00 0.000E+00 5.200E-02 2.330E-01 8.080E-01 2.435E+00 4.660E+00 1.052E+00 5.920E-01 3.830E-01 3.130E-01 1.980E-01 1.400E-01 7.800E-02 2.800E-02 0.000E+00 0.000E+00
3.996E+00 5.007E+00 1.061E+00 4.840E-01 2.130E-01 1.060E-01 2.800E-02 0.000E+00 0.000E+00 0.000E+00 0.000E+00 0.000E+00 0.000E+00 0.000E+00 0.000E+00 0.000E+00 0.000E+00 0.000E+00 0.000E+00 2.400E-02 7.000E-02 1.230E-01 2.820E-01 6.530E-01 2.299E+00 3.049E+00 9.040E-01 2.240E-01 1.980E-01 1.180E-01 1.430E-01 3.000E-01 5.460E-01 8.130E-01 1.932E+00 8.144E+00 2.036E+00 1.007E+00 3.950E-01 1.900E-01 0.000E+00 0.000E+00 2.600E-02 1.450E-01 4.320E-01 8.040E-01 1.105E+00 6.398E+00 1.391E+00 6.690E-01 3.340E-01 7.300E-02 2.500E-02 0.000E+00 0.000E+00 0.000E+00 0.000E+00 0.000E+00
5.851E+00 1.357E+00 5.820E-01 2.830E-01 1.260E-01 4.900E-02 0.000E+00 0.000E+00 0.000E+00 0.000E+00 0.000E+00 0.000E+00 0.000E+00 0.000E+00 0.000E+00 0.000E+00 0.000E+00 0.000E+00 1.200E-02 5.500E-02 1.370E-01 2.580E-01 4.490E-01 2.851E+00 2.970E+00 9.010E-01 4.480E-01 2.050E-01 1.080E-01 6.100E-02 3.400E-02 1.550E-01 3.460E-01 5.110E-01 8.120E-01 3.404E+00 6.076E+00 1.417E+00 4.830E-01 2.620E-01 0.000E+00 0.000E+00 6.900E-02 2.220E-01 5.490E-01 9.610E-01 1.828E+00 6.851E+00 1.349E+00 4.160E-01 1.900E-01 0.000E+00 0.000E+00 0.000E+00 0.000E+00 0.000E+00 0.000E+00 0.000E+00
3.192E+00 1.277E+00 9.970E-01 7.060E-01 4.670E-01 3.920E-01 3.070E-01 2.780E-01 3.440E-01 2.160E-01 7.500E-02 1.400E-02 0.000E+00 0.000E+00 0.000E+00 0.000E+00 0.000E+00 3.000E-03 2.600E-02 7.300E-02 2.340E-01 3.730E-01 2.087E+00 3.418E+00 5.600E-01 2.370E-01 1.240E-01 1.030E-01 4.200E-02 1.100E-02 0.000E+00 7.200E-02 2.150E-01 3.550E-01 5.580E-01 1.069E+00 6.367E+00 1.630E+00 7.120E-01 4.090E-01 5.400E-02 0.000E+00 1.110E-01 2.760E-01 7.120E-01 1.736E+00 7.263E+00 2.171E+00 9.090E-01 3.660E-01 1.440E-01 0.000E+00 0.000E+00 0.000E+00 0.000E+00 0.000E+00 0.000E+00 0.000E+00
1.649E+00 1.387E+00 1.329E+00 1.015E+00 9.340E-01 7.080E-01 6.360E-01 6.120E-01 6.960E-01 5.710E-01 4.240E-01 2.270E-01 1.310E-01 5.700E-02 0.000E+00 0.000E+00 0.000E+00 3.200E-02 9.700E-02 2.300E-01 4.360E-01 9.620E-01 4.684E+00 1.337E+00 4.020E-01 1.810E-01 6.900E-02 3.200E-02 9.000E-03 0.000E+00 0.000E+00 5.000E-03 1.020E-01 3.450E-01 5.740E-01 1.409E+00 7.539E+00 1.400E+00 9.230E-01 5.400E-01 1.440E-01 0.000E+00 1.600E-01 2.220E-01 9.670E-01 6.252E+00 3.663E+00 1.273E+00 6.860E-01 2.440E-01 9.700E-02 0.000E+00 0.000E+00 0.000E+00 0.000E+00 0.000E+00 0.000E+00 0.000E+00
1.749E+00 2.304E+00 2.319E+00 2.190E+00 2.197E+00 2.014E+00 1.455E+00 1.834E+00 1.242E+00 8.750E-01 8.860E-01 5.980E-01 4.920E-01 4.880E-01 3.810E-01 3.400E-01 3.430E-01 3.550E-01 4.110E-01 5.570E-01 1.399E+00 5.152E+00 2.204E+00 1.175E+00 5.830E-01 3.050E-01 1.460E-01 4.500E-02 0.000E+00 0.000E+00 0.000E+00 0.000E+00 1.600E-02 2.920E-01 5.830E-01 1.408E+00 7.608E+00 1.550E+00 8.730E-01 6.480E-01 2.350E-01 5.200E-02 2.420E-01 3.210E-01 7.760E-01 6.845E+00 1.804E+00 9.300E-01 5.680E-01 1.400E-01 4.500E-02 0.000E+00 0.000E+00 0.000E+00 0.000E+00 0.000E+00 0.000E+00 0.000E+00
7.275E+00 9.000E+00 9.280E+00 9.210E+00 9.484E+00 9.800E+00 9.300E+00 8.615E+00 3.066E+00 1.913E+00 1.970E+00 1.329E+00 7.240E-01 6.310E-01 6.130E-01 5.320E-01 5.220E-01 5.460E-01 6.180E-01 9.130E-01 3.697E+00 6.311E+00 2.291E+00 1.056E+00 8.120E-01 5.830E-01 3.540E-01 2.720E-01 1.950E-01 8.700E-02 0.000E+00 0.000E+00 0.000E+00 2.280E-01 4.980E-01 1.046E+00 3.926E+00 6.219E+00 1.543E+00 8.040E-01 3.820E-01 1.750E-01 3.360E-01 3.960E-01 1.081E+00 6.058E+00 1.624E+00 6.260E-01 4.390E-01 6.300E-02 2.000E-03 0.000E+00 0.000E+00 0.000E+00 0.000E+00 0.000E+00 0.000E+00 0.000E+00
6.882E+00 2.243E+00 2.478E+00 2.317E+00 2.380E+00 2.326E+00 2.175E+00 1.452E+00 5.216E+00 9.046E+00 9.814E+00 2.306E+00 1.400E+00 1.335E+00 1.314E+00 1.163E+00 1.089E+00 1.127E+00 1.243E+00 2.053E+00 1.201E+01 8.867E+00 7.119E+00 1.812E+00 1.223E+00 1.099E+00 9.510E-01 8.300E-01 5.780E-01 3.940E-01 1.930E-01 1.220E-01 1.800E-02 1.630E-01 4.100E-01 5.640E-01 1.069E+00 7.531E+00 1.875E+00 1.086E+00 6.010E-01 3.170E-01 4.710E-01 6.180E-01 1.325E+00 5.996E+00 1.553E+00 4.840E-01 3.240E-01 1.200E-02 0.000E+00 0.000E+00 0.000E+00 0.000E+00 0.000E+00 0.000E+00 0.000E+00 0.000E+00
1.967E+00 9.690E-01 8.420E-01 6.470E-01 6.580E-01 9.770E-01 1.057E+00 9.430E-01 1.113E+00 2.126E+00 3.458E+00 8.716E+00 7.587E+00 8.623E+00 7.169E+00 7.447E+00 7.190E+00 7.262E+00 6.787E+00 9.963E+00 3.539E+00 1.998E+00 1.882E+00 7.817E+00 5.566E+00 2.246E+00 2.216E+00 1.507E+00 1.011E+00 8.420E-01 6.600E-01 4.370E-01 2.640E-01 2.110E-01 2.750E-01 4.320E-01 7.480E-01 1.601E+00 6.621E+00 1.665E+00 9.180E-01 5.400E-01 5.900E-01 7.170E-01 1.497E+00 6.409E+00 1.350E+00 5.480E-01 2.040E-01 0.000E+00 0.000E+00 0.000E+00 0.000E+00 0.000E+00 0.000E+00 0.000E+00 0.000E+00 0.000E+00
8.080E-01 7.800E-01 7.470E-01 4.200E-01 3.640E-01 4.000E-01 6.480E-01 7.660E-01 8.250E-01 1.026E+00 1.405E+00 1.783E+00 1.825E+00 1.618E+00 1.505E+00 1.372E+00 1.267E+00 1.316E+00 1.739E+00 1.876E+00 1.211E+00 9.320E-01 1.235E+00 1.692E+00 3.724E+00 9.361E+00 9.214E+00 2.523E+00 2.273E+00 1.547E+00 1.157E+00 8.410E-01 6.290E-01 4.060E-01 3.560E-01 4.240E-01 5.750E-01 1.109E+00 5.569E+00 4.611E+00 1.414E+00 7.560E-01 7.240E-01 9.180E-01 4.025E+00 3.833E+00 9.910E-01 4.890E-01 2.120E-01 0.000E+00 0.000E+00 0.000E+00 0.000E+00 0.000E+00 0.000E+00 0.000E+00 0.000E+00 0.000E+00
3.670E-01 2.380E-01 1.000E-01 2.500E-02 0.000E+00 2.800E-02 8.700E-02 2.080E-01 3.870E-01 5.210E-01 7.050E-01 8.120E-01 8.440E-01 7.570E-01 7.490E-01 5.530E-01 5.570E-01 6.800E-01 8.070E-01 7.610E-01 6.890E-01 6.460E-01 7.360E-01 9.400E-01 1.390E+00 2.049E+00 2.435E+00 9.082E+00 9.583E+00 3.853E+00 2.141E+00 1.715E+00 1.268E+00 9.680E-01 8.540E-01 8.200E-01 9.050E-01 1.161E+00 1.816E+00 7.791E+00 2.021E+00 1.273E+00 1.107E+00 1.224E+00 5.008E+00 1.205E+00 7.180E-01 3.770E-01 1.880E-01 0.000E+00 0.000E+00 0.000E+00 0.000E+00 0.000E+00 0.000E+00 0.000E+00 0.000E+00 0.000E+00
1.820E-01 7.800E-02 0.000E+00 0.000E+00 0.000E+00 0.000E+00 0.000E+00 1.300E-02 9.100E-02 1.650E-01 2.690E-01 3.490E-01 4.090E-01 4.510E-01 4.630E-01 3.760E-01 4.370E-01 3.880E-01 3.350E-01 2.300E-01 2.490E-01 2.590E-01 3.630E-01 5.060E-01 7.420E-01 9.760E-01 1.355E+00 1.810E+00 2.109E+00 8.125E+00 9.576E+00 4.154E+00 2.191E+00 1.138E+00 9.160E-01 1.139E+00 1.178E+00 1.326E+00 1.634E+00 2.331E+00 6.822E+00 1.864E+00 1.413E+00 1.504E+00 5.539E+00 1.225E+00 6.670E-01 4.060E-01 1.690E-01 5.000E-03 0.000E+00 0.000E+00 0.000E+00 0.000E+00 0.000E+00 0.000E+00 0.000E+00 0.000E+00
3.600E-02 0.000E+00 0.000E+00 0.000E+00 0.000E+00 0.000E+00 0.000E+00 0.000E+00 0.000E+00 0.000E+00 0.000E+00 0.000E+00 0.000E+00 0.000E+00 0.000E+00 0.000E+00 0.000E+00 0.000E+00 0.000E+00 0.000E+00 0.000E+00 1.800E-02 1.260E-01 2.320E-01 4.050E-01 5.390E-01 7.390E-01 9.610E-01 1.334E+00 1.470E+00 2.092E+00 7.961E+00 9.140E+00 1.669E+00 1.507E+00 1.843E+00 2.094E+00 1.537E+00 1.397E+00 1.555E+00 4.392E+00 6.025E+00 2.543E+00 2.176E+00 3.655E+00 3.786E+00 9.170E-01 3.970E-01 1.320E-01 7.000E-03 0.000E+00 0.000E+00 0.000E+00 0.000E+00 0.000E+00 0.000E+00 0.000E+00 0.000E+00
0.000E+00 0.000E+00 0.000E+00 0.000E+00 0.000E+00 0.000E+00 0.000E+00 0.000E+00 0.000E+00 0.000E+00 0.000E+00 0.000E+00 0.000E+00 0.000E+00 0.000E+00 0.000E+00 0.000E+00 0.000E+00 0.000E+00 0.000E+00 0.000E+00 0.000E+00 0.000E+00 1.000E-03 8.300E-02 1.950E-01 2.970E-01 5.070E-01 7.050E-01 6.720E-01 9.110E-01 1.979E+00 3.765E+00 9.145E+00 8.425E+00 8.653E+00 7.855E+00 7.249E+00 1.900E+00 2.130E+00 3.059E+00 9.624E+00 9.220E+00 7.598E+00 6.066E+00 5.157E+00 9.010E-01 3.380E-01 1.090E-01 7.000E-03 0.000E+00 0.000E+00 0.000E+00 0.000E+00 0.000E+00 0.000E+00 0.000E+00 0.000E+00
0.000E+00 0.000E+00 0.000E+00 0.000E+00 0.000E+00 0.000E+00 0.000E+00 0.000E+00 0.000E+00 0.000E+00 0.000E+00 0.000E+00 0.000E+00 0.000E+00 0.000E+00 0.000E+00 0.000E+00 0.000E+00 0.000E+00 0.000E+00 0.000E+00 0.000E+00 0.000E+00 0.000E+00 0.000E+00 0.000E+00 4.800E-02 1.770E-01 2.900E-01 3.580E-01 6.060E-01 9.950E-01 1.454E+00 1.376E+00 1.704E+00 1.907E+00 1.668E+00 3.836E+00 7.542E+00 9.569E+00 1.326E+01 1.142E+01 2.576E+00 1.764E+00 1.080E+00 1.190E+00 9.970E-01 2.560E-01 8.900E-02 7.000E-03 0.000E+00 0.000E+00 0.000E+00 0.000E+00 0.000E+00 0.000E+00 0.000E+00 0.000E+00
0.000E+00 0.000E+00 0.000E+00 0.000E+00 0.000E+00 0.000E+00 0.000E+00 0.000E+00 0.000E+00 0.000E+00 0.000E+00 0.000E+00 0.000E+00 0.000E+00 0.000E+00 0.000E+00 0.000E+00 0.000E+00 0.000E+00 0.000E+00 0.000E+00 0.000E+00 0.000E+00 0.000E+00 0.000E+00 0.000E+00 0.000E+00 0.000E+00 6.800E-02 1.740E-01 3.190E-01 4.810E-01 4.140E-01 5.350E-01 7.970E-01 8.950E-01 9.470E-01 1.472E+00 2.301E+00 4.071E+00 1.614E+01 3.434E+00 1.688E+00 1.244E+00 6.100E-01 3.050E-01 2.040E-01 1.450E-01 6.500E-02 6.000E-03 0.000E+00 0.000E+00 0.000E+00 0.000E+00 0.000E+00 0.000E+00 0.000E+00 0.000E+00
0.000E+00 0.000E+00 0.000E+00 0.000E+00 0.000E+00 0.000E+00 0.000E+00 0.000E+00 0.000E+00 0.000E+00 0.000E+00 0.000E+00 0.000E+00 -9.990E+02 -9.990E+02 0.000E+00 0.000E+00 0.000E+00 0.000E+00 0.000E+00 0.000E+00 0.000E+00 0.000E+00 0.000E+00 0.000E+00 0.000E+00 0.000E+00 0.000E+00 0.000E+00 9.000E-03 9.800E-02 1.910E-01 2.080E-01 2.830E-01 3.120E-01 4.910E-01 5.840E-01 1.066E+00 1.850E+00 3.541E+00 1.502E+01 3.134E+00 1.981E+00 1.095E+00 5.100E-01 1.460E-01 1.020E-01 6.700E-02 3.700E-02 4.000E-03 0.000E+00 0.000E+00 0.000E+00 0.000E+00 0.000E+00 0.000E+00 0.000E+00 0.000E+00
