Data/conc_no2_2019/rwc_no2_2019.asc
NCOLS          280
NROWS          320
XLLCORNER            0
YLLCORNER       300000
CELLSIZE         1000
NODATA_VALUE  -0.9990E+03
[rows 125 to 149 of 320, columns 168 to 223 of 280]
0.0000E+00 0.0000E+00 0.0000E+00 0.0000E+00 0.0000E+00 0.0000E+00 0.0000E+00 0.0000E+00 0.0000E+00 0.0000E+00 0.0000E+00 0.0000E+00 0.0000E+00 0.0000E+00 0.0000E+00 0.0000E+00 0.0000E+00 0.8000E-02 0.3500E-01 0.8700E-01 0.1720E+00 0.2900E+00 0.5060E+00 0.8880E+00 0.1757E+01 0.4557E+01 0.2458E+01 0.7060E+00 0.7680E+00 0.2329E+01 0.2423E+01 0.4530E+00 0.2270E+00 0.7900E-01 0.1300E-01 0.0000E+00 0.0000E+00 0.0000E+00 0.0000E+00 0.4000E-02 0.1500E-01 0.2500E-01 0.7200E-01 0.1190E+00 0.1350E+00 0.9890E+00 0.2340E+00 0.9900E-01 0.5600E-01 0.1000E-01 0.0000E+00 0.0000E+00 0.0000E+00 0.0000E+00 0.0000E+00 0.0000E+00
0.0000E+00 0.0000E+00 0.0000E+00 0.0000E+00 0.0000E+00 0.0000E+00 0.0000E+00 0.0000E+00 0.0000E+00 0.0000E+00 0.0000E+00 0.0000E+00 0.0000E+00 0.0000E+00 0.0000E+00 0.0000E+00 0.1100E-01 0.4300E-01 0.9200E-01 0.1760E+00 0.3150E+00 0.5540E+00 0.1085E+01 0.3970E+01 0.3792E+01 0.6490E+00 0.5320E+00 0.5300E+00 0.8780E+00 0.4460E+01 0.7740E+00 0.3400E+00 0.2030E+00 0.4800E-01 0.0000E+00 0.0000E+00 0.0000E+00 0.0000E+00 0.0000E+00 0.0000E+00 0.7000E-02 0.1100E-01 0.5200E-01 0.9200E-01 0.1550E+00 0.9430E+00 0.2180E+00 0.1220E+00 0.7100E-01 0.2800E-01 0.8000E-02 0.0000E+00 0.0000E+00 0.0000E+00 0.0000E+00 0.0000E+00
0.0000E+00 0.0000E+00 0.0000E+00 0.0000E+00 0.0000E+00 0.0000E+00 0.0000E+00 0.0000E+00 0.0000E+00 0.0000E+00 0.0000E+00 0.0000E+00 0.0000E+00 0.0000E+00 0.1000E-02 0.3700E-01 0.6900E-01 0.1390E+00 0.2260E+00 0.3650E+00 0.5610E+00 0.9990E+00 0.5002E+01 0.1998E+01 0.5510E+00 0.3060E+00 0.3710E+00 0.4570E+00 0.8260E+00 0.4413E+01 0.7240E+00 0.3170E+00 0.2010E+00 0.2500E-01 0.0000E+00 0.0000E+00 0.0000E+00 0.0000E+00 0.0000E+00 0.0000E+00 0.1000E-02 0.4000E-02 0.3900E-01 0.7700E-01 0.1960E+00 0.1166E+01 0.3090E+00 0.1950E+00 0.1090E+00 0.4700E-01 0.1800E-01 0.4000E-02 0.0000E+00 0.0000E+00 0.0000E+00 0.0000E+00
0.0000E+00 0.0000E+00 0.0000E+00 0.0000E+00 0.0000E+00 0.0000E+00 0.0000E+00 0.0000E+00 0.0000E+00 0.0000E+00 0.0000E+00 0.0000E+00 0.0000E+00 0.8000E-02 0.3200E-01 0.8800E-01 0.1630E+00 0.2750E+00 0.4350E+00 0.7020E+00 0.2242E+01 0.4688E+01 0.9140E+00 0.4450E+00 0.2620E+00 0.1640E+00 0.3180E+00 0.4200E+00 0.6160E+00 0.4063E+01 0.7550E+00 0.3770E+00 0.2360E+00 0.1600E-01 0.0000E+00 0.0000E+00 0.0000E+00 0.0000E+00 0.0000E+00 0.0000E+00 0.0000E+00 0.0000E+00 0.2500E-01 0.5700E-01 0.1180E+00 0.2990E+00 0.1126E+01 0.3150E+00 0.1760E+00 0.9800E-01 0.6600E-01 0.4700E-01 0.3500E-01 0.1300E-01 0.1000E-01 0.1000E-02
0.0000E+00 0.0000E+00 0.0000E+00 0.0000E+00 0.0000E+00 0.0000E+00 0.0000E+00 0.0000E+00 0.0000E+00 0.0000E+00 0.0000E+00 0.0000E+00 0.0000E+00 0.3400E-01 0.7400E-01 0.1610E+00 0.2880E+00 0.5360E+00 0.9190E+00 0.2795E+01 0.3711E+01 0.6720E+00 0.3550E+00 0.2120E+00 0.1380E+00 0.8100E-01 0.2030E+00 0.2880E+00 0.6050E+00 0.4342E+01 0.8950E+00 0.4240E+00 0.2780E+00 0.5900E-01 0.0000E+00 0.0000E+00 0.0000E+00 0.0000E+00 0.0000E+00 0.0000E+00 0.0000E+00 0.0000E+00 0.1500E-01 0.3900E-01 0.7100E-01 0.1500E+00 0.6830E+00 0.9250E+00 0.1930E+00 0.1520E+00 0.1210E+00 0.1110E+00 0.1000E+00 0.5800E-01 0.8200E-01 0.7500E-01
0.0000E+00 0.0000E+00 0.0000E+00 0.0000E+00 0.0000E+00 0.0000E+00 0.0000E+00 0.0000E+00 0.0000E+00 0.4000E-02 0.2700E-01 0.5800E-01 0.1020E+00 0.1740E+00 0.2500E+00 0.3850E+00 0.6300E+00 0.1069E+01 0.4976E+01 0.2736E+01 0.5770E+00 0.3090E+00 0.1720E+00 0.1080E+00 0.6000E-01 0.2900E-01 0.1310E+00 0.2800E+00 0.6030E+00 0.4492E+01 0.8840E+00 0.3690E+00 0.3110E+00 0.1210E+00 0.0000E+00 0.0000E+00 0.0000E+00 0.0000E+00 0.0000E+00 0.0000E+00 0.0000E+00 0.0000E+00 0.7000E-02 0.2300E-01 0.4300E-01 0.7300E-01 0.1070E+00 0.4950E+00 0.7250E+00 0.2690E+00 0.2470E+00 0.2330E+00 0.1800E+00 0.1300E+00 0.1340E+00 0.1220E+00
0.0000E+00 0.0000E+00 0.0000E+00 0.0000E+00 0.0000E+00 0.0000E+00 0.0000E+00 0.9000E-02 0.4300E-01 0.8200E-01 0.1350E+00 0.1960E+00 0.2700E+00 0.3630E+00 0.4220E+00 0.5660E+00 0.2170E+01 0.4393E+01 0.8710E+00 0.4890E+00 0.2670E+00 0.1560E+00 0.8900E-01 0.4800E-01 0.1900E-01 0.1000E-02 0.9400E-01 0.2740E+00 0.6890E+00 0.4120E+01 0.2183E+01 0.5600E+00 0.4400E+00 0.1980E+00 0.0000E+00 0.0000E+00 0.0000E+00 0.0000E+00 0.0000E+00 0.0000E+00 0.0000E+00 0.0000E+00 0.0000E+00 0.1000E-01 0.2200E-01 0.3500E-01 0.4200E-01 0.7200E-01 0.3610E+00 0.9370E+00 0.8650E+00 0.9050E+00 0.3750E+00 0.2940E+00 0.2840E+00 0.2630E+00
0.0000E+00 0.0000E+00 0.0000E+00 0.0000E+00 0.0000E+00 0.1100E-01 0.5100E-01 0.1130E+00 0.1950E+00 0.2890E+00 0.3860E+00 0.4810E+00 0.5590E+00 0.6920E+00 0.8190E+00 0.1070E+01 0.4646E+01 0.7120E+00 0.3620E+00 0.2290E+00 0.1360E+00 0.7600E-01 0.3900E-01 0.1400E-01 0.0000E+00 0.0000E+00 0.7800E-01 0.2120E+00 0.3760E+00 0.1165E+01 0.5386E+01 0.1219E+01 0.5360E+00 0.2160E+00 0.0000E+00 0.0000E+00 0.0000E+00 0.0000E+00 0.0000E+00 0.0000E+00 0.0000E+00 0.0000E+00 0.0000E+00 0.4000E-02 0.9000E-02 0.1600E-01 0.2600E-01 0.3700E-01 0.8100E-01 0.1260E+00 0.1520E+00 0.2150E+00 0.9200E+00 0.9970E+00 0.9840E+00 0.9400E+00
0.0000E+00 0.1900E-01 0.6300E-01 0.1250E+00 0.1660E+00 0.2460E+00 0.3180E+00 0.3970E+00 0.4890E+00 0.6140E+00 0.8110E+00 0.1074E+01 0.1709E+01 0.4132E+01 0.4361E+01 0.4552E+01 0.1415E+01 0.3700E+00 0.1910E+00 0.1250E+00 0.6300E-01 0.3200E-01 0.9000E-02 0.0000E+00 0.0000E+00 0.0000E+00 0.7600E-01 0.1950E+00 0.3820E+00 0.1165E+01 0.5576E+01 0.1364E+01 0.5700E+00 0.2050E+00 0.0000E+00 0.0000E+00 0.0000E+00 0.0000E+00 0.0000E+00 0.0000E+00 0.0000E+00 0.0000E+00 0.0000E+00 0.0000E+00 0.1000E-02 0.5000E-02 0.1300E-01 0.2200E-01 0.3300E-01 0.4700E-01 0.5400E-01 0.8900E-01 0.1390E+00 0.1550E+00 0.1050E+00 0.1310E+00
0.2220E+00 0.2770E+00 0.3230E+00 0.3250E+00 0.3500E+00 0.5070E+00 0.5650E+00 0.6440E+00 0.8830E+00 0.1313E+01 0.2383E+01 0.5094E+01 0.3619E+01 0.6920E+00 0.5290E+00 0.4370E+00 0.2910E+00 0.1730E+00 0.1010E+00 0.5600E-01 0.1700E-01 0.1000E-02 0.0000E+00 0.0000E+00 0.0000E+00 0.0000E+00 0.1100E+00 0.2140E+00 0.5500E+00 0.1664E+01 0.5700E+01 0.1218E+01 0.5210E+00 0.1870E+00 0.0000E+00 0.0000E+00 0.0000E+00 0.0000E+00 0.0000E+00 0.0000E+00 0.0000E+00 0.0000E+00 0.0000E+00 0.0000E+00 0.0000E+00 0.0000E+00 0.6000E-02 0.1000E-01 0.1300E-01 0.1500E-01 0.3500E-01 0.4600E-01 0.6000E-01 0.6400E-01 0.5900E-01 0.3600E-01
0.5100E+00 0.5480E+00 0.4460E+00 0.4570E+00 0.6910E+00 0.1210E+01 0.1238E+01 0.1054E+01 0.2456E+01 0.5444E+01 0.4654E+01 0.9610E+00 0.4840E+00 0.3150E+00 0.2220E+00 0.1730E+00 0.1300E+00 0.8800E-01 0.5100E-01 0.2300E-01 0.0000E+00 0.0000E+00 0.0000E+00 0.0000E+00 0.0000E+00 0.0000E+00 0.1290E+00 0.2290E+00 0.5950E+00 0.5105E+01 0.2282E+01 0.7940E+00 0.4290E+00 0.1480E+00 0.0000E+00 0.0000E+00 0.0000E+00 0.0000E+00 0.0000E+00 0.0000E+00 0.0000E+00 0.0000E+00 0.0000E+00 0.0000E+00 0.0000E+00 0.0000E+00 0.0000E+00 0.0000E+00 0.0000E+00 0.3000E-02 0.9000E-02 0.1700E-01 0.1900E-01 0.2800E-01 0.2400E-01 0.2200E-01
0.1370E+01 0.1076E+01 0.8260E+00 0.9320E+00 0.4089E+01 0.5288E+01 0.5027E+01 0.4603E+01 0.3220E+01 0.8110E+00 0.6590E+00 0.3350E+00 0.2350E+00 0.1870E+00 0.1210E+00 0.8700E-01 0.6300E-01 0.4200E-01 0.2100E-01 0.4000E-02 0.0000E+00 0.0000E+00 0.0000E+00 0.0000E+00 0.0000E+00 0.0000E+00 0.2830E+00 0.3300E+00 0.1006E+01 0.5883E+01 0.1545E+01 0.7280E+00 0.4530E+00 0.9200E-01 0.0000E+00 0.0000E+00 0.0000E+00 0.0000E+00 0.0000E+00 0.0000E+00 0.0000E+00 0.0000E+00 0.0000E+00 0.0000E+00 0.0000E+00 0.0000E+00 0.0000E+00 0.0000E+00 0.0000E+00 0.0000E+00 0.0000E+00 0.0000E+00 0.0000E+00 0.0000E+00 0.0000E+00 0.0000E+00
0.6386E+01 0.4173E+01 0.4158E+01 0.4450E+01 0.1877E+01 0.7110E+00 0.8150E+00 0.5860E+00 0.4420E+00 0.2880E+00 0.2060E+00 0.1490E+00 0.1080E+00 0.7700E-01 0.3700E-01 0.1200E-01 0.0000E+00 0.0000E+00 0.0000E+00 0.0000E+00 0.0000E+00 0.0000E+00 0.0000E+00 0.0000E+00 0.0000E+00 0.0000E+00 0.2990E+00 0.6160E+00 0.1194E+01 0.6358E+01 0.1599E+01 0.7350E+00 0.4370E+00 0.4400E-01 0.0000E+00 0.0000E+00 0.0000E+00 0.0000E+00 0.0000E+00 0.0000E+00 0.0000E+00 0.0000E+00 0.0000E+00 0.0000E+00 0.0000E+00 0.0000E+00 0.0000E+00 0.0000E+00 0.0000E+00 0.0000E+00 0.0000E+00 0.0000E+00 0.0000E+00 0.0000E+00 0.0000E+00 0.0000E+00
0.1476E+01 0.7120E+00 0.5840E+00 0.5090E+00 0.4000E+00 0.3070E+00 0.2650E+00 0.2370E+00 0.1880E+00 0.1430E+00 0.9300E-01 0.6200E-01 0.5000E-01 0.2100E-01 0.0000E+00 0.0000E+00 0.0000E+00 0.0000E+00 0.0000E+00 0.0000E+00 0.0000E+00 0.0000E+00 0.0000E+00 0.0000E+00 0.0000E+00 0.0000E+00 0.3420E+00 0.5640E+00 0.1190E+01 0.6338E+01 0.1616E+01 0.7330E+00 0.4280E+00 0.6000E-02 0.0000E+00 0.0000E+00 0.0000E+00 0.0000E+00 0.0000E+00 0.0000E+00 0.0000E+00 0.0000E+00 0.0000E+00 0.0000E+00 0.0000E+00 0.0000E+00 0.0000E+00 0.0000E+00 0.0000E+00 0.0000E+00 0.0000E+00 0.0000E+00 0.0000E+00 0.0000E+00 0.0000E+00 0.0000E+00
0.1097E+01 0.5150E+00 0.2750E+00 0.2150E+00 0.1980E+00 0.1700E+00 0.1470E+00 0.1100E+00 0.7900E-01 0.5300E-01 0.3100E-01 0.1200E-01 0.0000E+00 0.0000E+00 0.0000E+00 0.0000E+00 0.0000E+00 0.0000E+00 0.0000E+00 0.0000E+00 0.0000E+00 0.0000E+00 0.0000E+00 0.0000E+00 0.0000E+00 0.0000E+00 0.3930E+00 0.6480E+00 0.1415E+01 0.6345E+01 0.1616E+01 0.7370E+00 0.4290E+00 0.0000E+00 0.0000E+00 0.0000E+00 0.0000E+00 0.0000E+00 0.0000E+00 0.0000E+00 0.0000E+00 0.0000E+00 0.0000E+00 0.0000E+00 0.0000E+00 0.0000E+00 0.0000E+00 0.0000E+00 0.0000E+00 0.0000E+00 0.0000E+00 0.0000E+00 0.0000E+00 0.0000E+00 0.0000E+00 0.0000E+00
0.8030E+00 0.3010E+00 0.1420E+00 0.8400E-01 0.6300E-01 0.4200E-01 0.2300E-01 0.4000E-02 0.0000E+00 0.0000E+00 0.0000E+00 0.0000E+00 0.0000E+00 0.0000E+00 0.0000E+00 0.0000E+00 0.0000E+00 0.0000E+00 0.0000E+00 0.0000E+00 0.0000E+00 0.0000E+00 0.0000E+00 0.0000E+00 0.0000E+00 0.0000E+00 0.4110E+00 0.5020E+00 0.8130E+00 0.6353E+01 0.1625E+01 0.7510E+00 0.4440E+00 0.0000E+00 0.0000E+00 0.0000E+00 0.0000E+00 0.0000E+00 0.0000E+00 0.0000E+00 0.0000E+00 0.0000E+00 0.0000E+00 0.0000E+00 0.0000E+00 0.0000E+00 0.0000E+00 0.0000E+00 0.0000E+00 0.0000E+00 0.0000E+00 0.0000E+00 0.0000E+00 0.0000E+00 0.0000E+00 0.0000E+00
0.5990E+00 0.1310E+00 0.3100E-01 0.0000E+00 0.0000E+00 0.0000E+00 0.0000E+00 0.0000E+00 0.0000E+00 0.0000E+00 0.0000E+00 0.0000E+00 0.0000E+00 0.0000E+00 0.0000E+00 0.0000E+00 0.0000E+00 0.0000E+00 0.0000E+00 0.0000E+00 0.0000E+00 0.0000E+00 0.0000E+00 0.0000E+00 0.0000E+00 0.3300E-01 0.2330E+00 0.4170E+00 0.1343E+01 0.6333E+01 0.1620E+01 0.7390E+00 0.3930E+00 0.0000E+00 0.0000E+00 0.0000E+00 0.0000E+00 0.0000E+00 0.0000E+00 0.0000E+00 0.0000E+00 0.0000E+00 0.0000E+00 0.0000E+00 0.0000E+00 0.0000E+00 0.0000E+00 0.0000E+00 0.0000E+00 0.0000E+00 0.0000E+00 0.0000E+00 0.0000E+00 0.0000E+00 0.0000E+00 0.0000E+00
0.4680E+00 0.1330E+00 0.1400E-01 0.0000E+00 0.0000E+00 0.0000E+00 0.0000E+00 0.0000E+00 0.0000E+00 0.0000E+00 0.0000E+00 0.0000E+00 0.0000E+00 0.0000E+00 0.0000E+00 0.0000E+00 0.0000E+00 0.0000E+00 0.0000E+00 0.0000E+00 0.0000E+00 0.0000E+00 0.0000E+00 0.0000E+00 0.0000E+00 0.3000E-01 0.2010E+00 0.5560E+00 0.1523E+01 0.6498E+01 0.1594E+01 0.7150E+00 0.3660E+00 0.0000E+00 0.0000E+00 0.0000E+00 0.0000E+00 0.0000E+00 0.0000E+00 0.0000E+00 0.0000E+00 0.0000E+00 0.0000E+00 0.0000E+00 0.0000E+00 0.0000E+00 0.0000E+00 0.0000E+00 0.0000E+00 0.0000E+00 0.0000E+00 0.0000E+00 0.0000E+00 0.4300E-01 0.1090E+00 0.1810E+00
0.3040E+00 0.6600E-01 0.0000E+00 0.0000E+00 0.0000E+00 0.0000E+00 0.0000E+00 0.0000E+00 0.0000E+00 0.0000E+00 0.0000E+00 0.0000E+00 0.0000E+00 0.0000E+00 0.0000E+00 0.0000E+00 0.0000E+00 0.0000E+00 0.0000E+00 0.0000E+00 0.0000E+00 0.0000E+00 0.0000E+00 0.0000E+00 0.0000E+00 0.7600E-01 0.4280E+00 0.8080E+00 0.1857E+01 0.6508E+01 0.1390E+01 0.6910E+00 0.3520E+00 0.0000E+00 0.0000E+00 0.0000E+00 0.0000E+00 0.0000E+00 0.0000E+00 0.0000E+00 0.0000E+00 0.0000E+00 0.0000E+00 0.0000E+00 0.3800E-01 0.8000E-01 0.1570E+00 0.2310E+00 0.2580E+00 0.3820E+00 0.4750E+00 0.5890E+00 0.6330E+00 0.6490E+00 0.6880E+00 0.7400E+00
0.1290E+00 0.3000E-01 0.0000E+00 0.0000E+00 0.0000E+00 0.0000E+00 0.0000E+00 0.0000E+00 0.0000E+00 0.0000E+00 0.0000E+00 0.0000E+00 0.0000E+00 0.0000E+00 0.0000E+00 0.0000E+00 0.0000E+00 0.0000E+00 0.0000E+00 0.0000E+00 0.0000E+00 0.0000E+00 0.0000E+00 0.0000E+00 0.0000E+00 0.8700E-01 0.5020E+00 0.1064E+01 0.5262E+01 0.2831E+01 0.1256E+01 0.6380E+00 0.3480E+00 0.0000E+00 0.0000E+00 0.0000E+00 0.0000E+00 0.1000E-01 0.3900E-01 0.7900E-01 0.1370E+00 0.2160E+00 0.2900E+00 0.3280E+00 0.3550E+00 0.5150E+00 0.6160E+00 0.5710E+00 0.7660E+00 0.7490E+00 0.7650E+00 0.9290E+00 0.9780E+00 0.1047E+01 0.1049E+01 0.1276E+01
0.7400E-01 0.4000E-02 0.0000E+00 0.0000E+00 0.0000E+00 0.0000E+00 0.0000E+00 0.0000E+00 0.0000E+00 0.0000E+00 0.0000E+00 0.0000E+00 0.0000E+00 0.0000E+00 0.0000E+00 0.0000E+00 0.0000E+00 0.0000E+00 0.0000E+00 0.0000E+00 0.0000E+00 0.0000E+00 0.0000E+00 0.0000E+00 0.0000E+00 0.6800E-01 0.4480E+00 0.9010E+00 0.3011E+01 0.4991E+01 0.1391E+01 0.6700E+00 0.3700E+00 0.2700E-01 0.0000E+00 0.2400E-01 0.1040E+00 0.2110E+00 0.2660E+00 0.2500E+00 0.3620E+00 0.4930E+00 0.5890E+00 0.5330E+00 0.5410E+00 0.8640E+00 0.9850E+00 0.1139E+01 0.1249E+01 0.1876E+01 0.2052E+01 0.2092E+01 0.2179E+01 0.1994E+01 0.2153E+01 0.2449E+01
0.7600E-01 0.0000E+00 0.0000E+00 0.0000E+00 0.0000E+00 0.0000E+00 0.0000E+00 0.0000E+00 0.0000E+00 0.0000E+00 0.0000E+00 0.0000E+00 0.0000E+00 0.0000E+00 0.0000E+00 0.0000E+00 0.0000E+00 0.0000E+00 0.0000E+00 0.0000E+00 0.0000E+00 0.0000E+00 0.0000E+00 0.0000E+00 0.0000E+00 0.5300E-01 0.3050E+00 0.5790E+00 0.1191E+01 0.6167E+01 0.1538E+01 0.7380E+00 0.4050E+00 0.9500E-01 0.7800E-01 0.1790E+00 0.3190E+00 0.5260E+00 0.4730E+00 0.9040E+00 0.7700E+00 0.1053E+01 0.1090E+01 0.1069E+01 0.1153E+01 0.1810E+01 0.2205E+01 0.5774E+01 0.5385E+01 0.7082E+01 0.7255E+01 0.7397E+01 0.7550E+01 0.7509E+01 0.7336E+01 0.7386E+01
0.2900E-01 0.0000E+00 0.0000E+00 0.0000E+00 0.0000E+00 0.0000E+00 0.0000E+00 0.0000E+00 0.0000E+00 0.0000E+00 0.0000E+00 0.0000E+00 0.0000E+00 0.0000E+00 0.0000E+00 0.0000E+00 0.0000E+00 0.0000E+00 0.0000E+00 0.0000E+00 0.0000E+00 0.0000E+00 0.0000E+00 0.0000E+00 0.0000E+00 0.2500E-01 0.1290E+00 0.2770E+00 0.6700E+00 0.5692E+01 0.1583E+01 0.8440E+00 0.4730E+00 0.2990E+00 0.2400E+00 0.2780E+00 0.4590E+00 0.1100E+01 0.1707E+01 0.2393E+01 0.2953E+01 0.5934E+01 0.5398E+01 0.5808E+01 0.6570E+01 0.7152E+01 0.7277E+01 0.2848E+01 0.1240E+01 0.1124E+01 0.1157E+01 0.1262E+01 0.1304E+01 0.1243E+01 0.1230E+01 0.1123E+01
0.0000E+00 0.0000E+00 0.0000E+00 0.0000E+00 0.0000E+00 0.0000E+00 0.0000E+00 0.0000E+00 0.0000E+00 0.0000E+00 0.6000E-02 0.3700E-01 0.8300E-01 0.1320E+00 0.1620E+00 0.1870E+00 0.1600E+00 0.1380E+00 0.9100E-01 0.4500E-01 0.1000E-01 0.0000E+00 0.0000E+00 0.0000E+00 0.0000E+00 0.5000E-02 0.8500E-01 0.2260E+00 0.4470E+00 0.3393E+01 0.3612E+01 0.1256E+01 0.9150E+00 0.7480E+00 0.5650E+00 0.6150E+00 0.1003E+01 0.2514E+01 0.5050E+01 0.9154E+01 0.7504E+01 0.1630E+01 0.9040E+00 0.8840E+00 0.1003E+01 0.1077E+01 0.1021E+01 0.8030E+00 0.5580E+00 0.5090E+00 0.5210E+00 0.5120E+00 0.5650E+00 0.5540E+00 0.5250E+00 0.4770E+00
0.0000E+00 0.0000E+00 0.0000E+00 0.0000E+00 0.1000E-02 0.2500E-01 0.5600E-01 0.1030E+00 0.1510E+00 0.2100E+00 0.2720E+00 0.3270E+00 0.3370E+00 0.3690E+00 0.3850E+00 0.3990E+00 0.3680E+00 0.2960E+00 0.2040E+00 0.1260E+00 0.6400E-01 0.1300E-01 0.0000E+00 0.0000E+00 0.0000E+00 0.0000E+00 0.5200E-01 0.2040E+00 0.3640E+00 0.7420E+00 0.5595E+01 0.1734E+01 0.1428E+01 0.1456E+01 0.1398E+01 0.2447E+01 0.4084E+01 0.8794E+01 0.6800E+01 0.1669E+01 0.1246E+01 0.8120E+00 0.4700E+00 0.3350E+00 0.3660E+00 0.4050E+00 0.3950E+00 0.3910E+00 0.3420E+00 0.3150E+00 0.2920E+00 0.2710E+00 0.2430E+00 0.2960E+00 0.2290E+00 0.1510E+00
