Data/conc_no2_2019/rwc_no2_2019.asc
NCOLS          280
NROWS          320
XLLCORNER            0
YLLCORNER       300000
CELLSIZE         1000
NODATA_VALUE  -0.9990E+03
[rows 175 to 199 of 320, columns 168 to 223 of 280]
0.3600E-01 0.9300E-01 0.1310E+00 0.1770E+00 0.1960E+00 0.2090E+00 0.2150E+00 0.1640E+00 0.1140E+00 0.1560E+00 0.3490E+00 0.6040E+00 0.1868E+01 0.9336E+01 0.2039E+01 0.8260E+00 0.4480E+00 0.1930E+00 0.9600E-01 0.7200E-01 0.7000E-01 0.1040E+00 0.1760E+00 0.2460E+00 0.4280E+00 0.8430E+00 0.6001E+01 0.4016E+01 0.1501E+01 0.1313E+01 0.7640E+00 0.5380E+00 0.3060E+00 0.1710E+00 0.9400E-01 0.4000E-02 0.0000E+00 0.0000E+00 0.0000E+00 0.0000E+00 0.0000E+00 0.0000E+00 0.0000E+00 0.0000E+00 0.0000E+00 0.0000E+00 0.0000E+00 0.0000E+00 0.0000E+00 0.0000E+00 0.0000E+00 0.0000E+00 0.0000E+00 0.0000E+00 0.0000E+00 0.0000E+00
0.0000E+00 0.0000E+00 0.0000E+00 0.0000E+00 0.0000E+00 0.0000E+00 0.0000E+00 0.0000E+00 0.0000E+00 0.1070E+00 0.2870E+00 0.6670E+00 0.5969E+01 0.1802E+01 0.8910E+00 0.4780E+00 0.2760E+00 0.1270E+00 0.5700E-01 0.1800E-01 0.0000E+00 0.0000E+00 0.5000E-01 0.1040E+00 0.2210E+00 0.4250E+00 0.8980E+00 0.7073E+01 0.6957E+01 0.2258E+01 0.1417E+01 0.1019E+01 0.7740E+00 0.5780E+00 0.4050E+00 0.2320E+00 0.1040E+00 0.4000E-02 0.0000E+00 0.0000E+00 0.0000E+00 0.0000E+00 0.1000E-02 0.2000E-02 0.2000E-02 0.2000E-02 0.2000E-02 0.1100E-01 0.2300E-01 0.3900E-01 0.6200E-01 0.1140E+00 0.1540E+00 0.1800E+00 0.1740E+00 0.1960E+00
0.0000E+00 0.0000E+00 0.0000E+00 0.0000E+00 0.0000E+00 0.0000E+00 0.0000E+00 0.0000E+00 0.0000E+00 0.1440E+00 0.3210E+00 0.1049E+01 0.3399E+01 0.5775E+01 0.1141E+01 0.5380E+00 0.3030E+00 0.5300E-01 0.1600E-01 0.0000E+00 0.0000E+00 0.0000E+00 0.2100E-01 0.5900E-01 0.1470E+00 0.2790E+00 0.7790E+00 0.1607E+01 0.6810E+01 0.6214E+01 0.2201E+01 0.2062E+01 0.1459E+01 0.1022E+01 0.7320E+00 0.4660E+00 0.2620E+00 0.1120E+00 0.6600E-01 0.5500E-01 0.9500E-01 0.1520E+00 0.2340E+00 0.2730E+00 0.3240E+00 0.3190E+00 0.1700E+00 0.1700E+00 0.1750E+00 0.1650E+00 0.1830E+00 0.3040E+00 0.3060E+00 0.2770E+00 0.2220E+00 0.3210E+00
0.0000E+00 0.0000E+00 0.0000E+00 0.0000E+00 0.0000E+00 0.0000E+00 0.0000E+00 0.0000E+00 0.0000E+00 0.1470E+00 0.5580E+00 0.9490E+00 0.3060E+01 0.5314E+01 0.1331E+01 0.6680E+00 0.1950E+00 0.2000E-02 0.0000E+00 0.0000E+00 0.0000E+00 0.0000E+00 0.0000E+00 0.2700E-01 0.9800E-01 0.2520E+00 0.2880E+00 0.4720E+00 0.1187E+01 0.3481E+01 0.6628E+01 0.7753E+01 0.2794E+01 0.2210E+01 0.1337E+01 0.7840E+00 0.4910E+00 0.3070E+00 0.2310E+00 0.2070E+00 0.2400E+00 0.3170E+00 0.4160E+00 0.2610E+00 0.4950E+00 0.5110E+00 0.2810E+00 0.2650E+00 0.2900E+00 0.2730E+00 0.4120E+00 0.6100E+00 0.6570E+00 0.6240E+00 0.5010E+00 0.4500E+00
0.1300E+00 0.1560E+00 0.2510E+00 0.2510E+00 0.2160E+00 0.1370E+00 0.6100E-01 0.1200E-01 0.0000E+00 0.1280E+00 0.5220E+00 0.9280E+00 0.5124E+01 0.2060E+01 0.1285E+01 0.7000E+00 0.2950E+00 0.0000E+00 0.0000E+00 0.0000E+00 0.0000E+00 0.0000E+00 0.0000E+00 0.0000E+00 0.4100E-01 0.1500E+00 0.2560E+00 0.2170E+00 0.4850E+00 0.5510E+00 0.6800E+00 0.1154E+01 0.7828E+01 0.8180E+01 0.2405E+01 0.1532E+01 0.8960E+00 0.6180E+00 0.3520E+00 0.5210E+00 0.6370E+00 0.7940E+00 0.8390E+00 0.1033E+01 0.1206E+01 0.1034E+01 0.1034E+01 0.7070E+00 0.7520E+00 0.5890E+00 0.1946E+01 0.2166E+01 0.2364E+01 0.2364E+01 0.2399E+01 0.2422E+01
0.5120E+00 0.6110E+00 0.6590E+00 0.6560E+00 0.5710E+00 0.4870E+00 0.4420E+00 0.4400E+00 0.4180E+00 0.5060E+00 0.9360E+00 0.1299E+01 0.2600E+01 0.6768E+01 0.1894E+01 0.8550E+00 0.4070E+00 0.0000E+00 0.0000E+00 0.0000E+00 0.0000E+00 0.0000E+00 0.0000E+00 0.0000E+00 0.0000E+00 0.3900E-01 0.9800E-01 0.1310E+00 0.2460E+00 0.2160E+00 0.2960E+00 0.5700E+00 0.1188E+01 0.9810E+00 0.6083E+01 0.4785E+01 0.1805E+01 0.7450E+00 0.4690E+00 0.7770E+00 0.1333E+01 0.3583E+01 0.4160E+01 0.3976E+01 0.3885E+01 0.3481E+01 0.3704E+01 0.3981E+01 0.3760E+01 0.3580E+01 0.1296E+01 0.4460E+00 0.3920E+00 0.3660E+00 0.4170E+00 0.4130E+00
0.5140E+00 0.1066E+01 0.1405E+01 0.9360E+00 0.9320E+00 0.7450E+00 0.6820E+00 0.7030E+00 0.6400E+00 0.6850E+00 0.1300E+01 0.1557E+01 0.2504E+01 0.8605E+01 0.2306E+01 0.1111E+01 0.5250E+00 0.1100E-01 0.1000E-01 0.1400E-01 0.1700E-01 0.1700E-01 0.1300E-01 0.1000E-01 0.0000E+00 0.0000E+00 0.1400E-01 0.5400E-01 0.1080E+00 0.1730E+00 0.2110E+00 0.3590E+00 0.3750E+00 0.4350E+00 0.6630E+00 0.3176E+01 0.6298E+01 0.1304E+01 0.8980E+00 0.1395E+01 0.4249E+01 0.2276E+01 0.9450E+00 0.7390E+00 0.6570E+00 0.6240E+00 0.6660E+00 0.6370E+00 0.6210E+00 0.5310E+00 0.3680E+00 0.2490E+00 0.1200E+00 0.1030E+00 0.1810E+00 0.1800E+00
0.1545E+01 0.4412E+01 0.5507E+01 0.5148E+01 0.2396E+01 0.1309E+01 0.1414E+01 0.1520E+01 0.1437E+01 0.9380E+00 0.2136E+01 0.2589E+01 0.3419E+01 0.9246E+01 0.2780E+01 0.1356E+01 0.7470E+00 0.2370E+00 0.1250E+00 0.1290E+00 0.2340E+00 0.1940E+00 0.1180E+00 0.5900E-01 0.1400E-01 0.6000E-02 0.0000E+00 0.0000E+00 0.0000E+00 0.4900E-01 0.1150E+00 0.1680E+00 0.2460E+00 0.2340E+00 0.3640E+00 0.7820E+00 0.2578E+01 0.7693E+01 0.3289E+01 0.5224E+01 0.2076E+01 0.8320E+00 0.4780E+00 0.3350E+00 0.1570E+00 0.1540E+00 0.2630E+00 0.2420E+00 0.2540E+00 0.2250E+00 0.1840E+00 0.1370E+00 0.7300E-01 0.5800E-01 0.6400E-01 0.9300E-01
0.5329E+01 0.2628E+01 0.1179E+01 0.1208E+01 0.4142E+01 0.3960E+01 0.5295E+01 0.5433E+01 0.5596E+01 0.5353E+01 0.6016E+01 0.6762E+01 0.6736E+01 0.1011E+02 0.2631E+01 0.1408E+01 0.9360E+00 0.2660E+00 0.2550E+00 0.2820E+00 0.4400E+00 0.3270E+00 0.1740E+00 0.7300E-01 0.1900E-01 0.7000E-02 0.0000E+00 0.0000E+00 0.0000E+00 0.0000E+00 0.0000E+00 0.3000E-01 0.7800E-01 0.1600E+00 0.2770E+00 0.5100E+00 0.8840E+00 0.1555E+01 0.7057E+01 0.3509E+01 0.1073E+01 0.5890E+00 0.3220E+00 0.1580E+00 0.9100E-01 0.8800E-01 0.1030E+00 0.1480E+00 0.1280E+00 0.1050E+00 0.7600E-01 0.4800E-01 0.2000E-01 0.4000E-02 0.0000E+00 0.0000E+00
0.8750E+00 0.6840E+00 0.5570E+00 0.6090E+00 0.6990E+00 0.5940E+00 0.8950E+00 0.9460E+00 0.1150E+01 0.1389E+01 0.1211E+01 0.2651E+01 0.9278E+01 0.1238E+02 0.3061E+01 0.1858E+01 0.1183E+01 0.8340E+00 0.1008E+01 0.8110E+00 0.1615E+01 0.5480E+00 0.2560E+00 0.1010E+00 0.2300E-01 0.7000E-02 0.0000E+00 0.0000E+00 0.0000E+00 0.0000E+00 0.0000E+00 0.0000E+00 0.1100E-01 0.6400E-01 0.1550E+00 0.2880E+00 0.3970E+00 0.6350E+00 0.1029E+01 0.2628E+01 0.1775E+01 0.3860E+00 0.1230E+00 0.3400E-01 0.4000E-02 0.0000E+00 0.0000E+00 0.0000E+00 0.0000E+00 0.0000E+00 0.0000E+00 0.0000E+00 0.0000E+00 0.0000E+00 0.0000E+00 0.0000E+00
0.3880E+00 0.3470E+00 0.3170E+00 0.3330E+00 0.3520E+00 0.3850E+00 0.4090E+00 0.5640E+00 0.8270E+00 0.1253E+01 0.2168E+01 0.6906E+01 0.9350E+01 0.3254E+01 0.5847E+01 0.4406E+01 0.1716E+01 0.2930E+01 0.4208E+01 0.3896E+01 0.3160E+01 0.1072E+01 0.7570E+00 0.1390E+00 0.2300E-01 0.6000E-02 0.0000E+00 0.0000E+00 0.0000E+00 0.0000E+00 0.0000E+00 0.0000E+00 0.0000E+00 0.1000E-01 0.6300E-01 0.1440E+00 0.2500E+00 0.3230E+00 0.3790E+00 -0.9990E+03 0.3260E+00 0.2030E+00 0.8300E-01 0.1300E-01 0.0000E+00 0.0000E+00 0.0000E+00 0.0000E+00 0.0000E+00 0.0000E+00 0.0000E+00 0.0000E+00 0.0000E+00 0.0000E+00 0.0000E+00 0.0000E+00
0.1090E+00 0.7600E-01 0.7200E-01 0.1300E+00 0.1500E+00 0.1750E+00 0.1880E+00 0.5560E+00 0.9460E+00 0.1604E+01 0.3050E+01 0.9104E+01 0.2713E+01 0.1611E+01 0.1299E+01 0.2311E+01 0.4609E+01 0.2986E+01 0.7900E+00 0.1053E+01 0.4560E+00 0.2230E+00 0.1060E+00 0.5500E-01 0.1500E-01 0.5000E-02 0.0000E+00 0.0000E+00 0.0000E+00 0.0000E+00 0.0000E+00 0.0000E+00 0.0000E+00 0.0000E+00 0.0000E+00 0.4300E-01 0.7700E-01 0.1120E+00 0.1210E+00 -0.9990E+03 -0.9990E+03 0.9200E-01 0.3000E-01 0.8000E-02 0.0000E+00 0.0000E+00 0.0000E+00 0.0000E+00 0.0000E+00 0.0000E+00 0.0000E+00 0.0000E+00 0.0000E+00 0.0000E+00 0.0000E+00 0.0000E+00
0.0000E+00 0.0000E+00 0.0000E+00 0.0000E+00 0.0000E+00 0.3800E-01 0.2140E+00 0.5750E+00 0.9320E+00 0.2006E+01 0.7803E+01 0.5486E+01 0.1973E+01 0.1156E+01 0.8020E+00 0.7070E+00 0.6300E+00 0.3660E+00 0.2360E+00 0.3210E+00 0.2160E+00 0.1490E+00 0.9000E-01 0.4100E-01 0.1000E-01 0.4000E-02 0.0000E+00 0.0000E+00 0.0000E+00 0.0000E+00 0.0000E+00 0.0000E+00 0.0000E+00 0.0000E+00 0.0000E+00 0.0000E+00 0.1300E-01 0.2300E-01 0.2600E-01 0.2300E-01 -0.9990E+03 0.1700E-01 0.1400E-01 0.7000E-02 0.0000E+00 0.0000E+00 0.0000E+00 0.0000E+00 0.0000E+00 0.0000E+00 0.0000E+00 0.0000E+00 0.0000E+00 0.0000E+00 0.0000E+00 0.0000E+00
0.0000E+00 0.0000E+00 0.0000E+00 0.0000E+00 0.1000E-02 0.1000E+00 0.3540E+00 0.8670E+00 0.1800E+01 0.3590E+01 0.1058E+02 0.1810E+01 0.1429E+01 0.9700E+00 0.6910E+00 0.4830E+00 0.3790E+00 0.3040E+00 0.1930E+00 0.1600E+00 0.7900E-01 0.8200E-01 0.5100E-01 0.2400E-01 0.6000E-02 0.3000E-02 0.0000E+00 0.0000E+00 0.0000E+00 0.0000E+00 0.0000E+00 0.0000E+00 0.0000E+00 0.0000E+00 0.0000E+00 0.0000E+00 0.0000E+00 0.0000E+00 0.0000E+00 0.0000E+00 0.0000E+00 -0.9990E+03 0.0000E+00 0.0000E+00 0.0000E+00 0.0000E+00 0.0000E+00 0.0000E+00 0.0000E+00 0.0000E+00 0.0000E+00 0.0000E+00 0.0000E+00 0.0000E+00 0.0000E+00 0.0000E+00
0.0000E+00 0.0000E+00 0.0000E+00 0.0000E+00 0.4100E-01 0.1730E+00 0.4940E+00 0.1263E+01 0.3724E+01 0.1162E+02 0.4853E+01 0.2732E+01 0.1040E+01 0.6660E+00 0.6180E+00 0.4450E+00 0.2630E+00 0.9900E-01 0.5700E-01 0.3600E-01 0.1300E-01 0.3000E-02 0.2000E-02 0.0000E+00 0.0000E+00 0.0000E+00 0.0000E+00 0.0000E+00 0.0000E+00 0.0000E+00 0.0000E+00 0.0000E+00 0.0000E+00 0.0000E+00 0.0000E+00 0.0000E+00 0.0000E+00 0.0000E+00 0.0000E+00 0.0000E+00 0.0000E+00 -0.9990E+03 -0.9990E+03 -0.9990E+03 -0.9990E+03 -0.9990E+03 -0.9990E+03 -0.9990E+03 -0.9990E+03 0.0000E+00 0.0000E+00 0.0000E+00 0.0000E+00 0.0000E+00 0.0000E+00 0.0000E+00
0.0000E+00 0.0000E+00 0.0000E+00 0.0000E+00 0.9100E-01 0.2500E+00 0.4300E+00 0.1666E+01 0.5509E+01 0.8941E+01 0.8076E+01 0.6573E+01 0.3092E+01 0.1273E+01 0.1298E+01 0.5900E+00 0.1600E+00 0.2400E-01 0.0000E+00 0.0000E+00 0.0000E+00 0.0000E+00 0.0000E+00 0.0000E+00 0.0000E+00 0.0000E+00 0.0000E+00 0.0000E+00 0.0000E+00 0.0000E+00 0.0000E+00 0.0000E+00 0.0000E+00 0.0000E+00 0.0000E+00 0.0000E+00 0.0000E+00 0.0000E+00 0.0000E+00 0.0000E+00 0.0000E+00 -0.9990E+03 -0.9990E+03 -0.9990E+03 -0.9990E+03 -0.9990E+03 -0.9990E+03 -0.9990E+03 -0.9990E+03 -0.9990E+03 0.0000E+00 0.0000E+00 0.0000E+00 0.0000E+00 0.0000E+00 0.0000E+00
0.0000E+00 0.0000E+00 0.0000E+00 0.0000E+00 0.1460E+00 0.3520E+00 0.9520E+00 0.2228E+01 0.7146E+01 0.2354E+01 0.2062E+01 0.1982E+01 0.5527E+01 0.7931E+01 0.3835E+01 0.5280E+00 0.2250E+00 0.3000E-01 0.0000E+00 0.0000E+00 0.0000E+00 0.0000E+00 0.0000E+00 0.0000E+00 0.0000E+00 0.0000E+00 0.0000E+00 0.0000E+00 0.0000E+00 0.0000E+00 0.0000E+00 0.0000E+00 0.0000E+00 -0.9990E+03 -0.9990E+03 -0.9990E+03 -0.9990E+03 -0.9990E+03 0.0000E+00 0.0000E+00 0.0000E+00 -0.9990E+03 -0.9990E+03 -0.9990E+03 -0.9990E+03 -0.9990E+03 -0.9990E+03 -0.9990E+03 -0.9990E+03 -0.9990E+03 -0.9990E+03 -0.9990E+03 -0.9990E+03 -0.9990E+03 0.0000E+00 0.0000E+00
0.0000E+00 0.0000E+00 0.0000E+00 0.2300E-01 0.2410E+00 0.5320E+00 0.1327E+01 0.6198E+01 0.2048E+01 0.1302E+01 0.1182E+01 0.1236E+01 0.1746E+01 0.5997E+01 0.1267E+01 0.5060E+00 0.2650E+00 0.6700E-01 0.0000E+00 0.0000E+00 0.0000E+00 0.0000E+00 0.0000E+00 0.0000E+00 0.0000E+00 0.0000E+00 0.0000E+00 0.0000E+00 0.0000E+00 0.0000E+00 0.0000E+00 -0.9990E+03 -0.9990E+03 -0.9990E+03 -0.9990E+03 -0.9990E+03 -0.9990E+03 -0.9990E+03 -0.9990E+03 -0.9990E+03 -0.9990E+03 -0.9990E+03 -0.9990E+03 -0.9990E+03 -0.9990E+03 -0.9990E+03 -0.9990E+03 -0.9990E+03 -0.9990E+03 -0.9990E+03 -0.9990E+03 -0.9990E+03 -0.9990E+03 -0.9990E+03 0.0000E+00 0.0000E+00
0.0000E+00 0.0000E+00 0.0000E+00 0.9000E-01 0.3710E+00 0.7210E+00 0.1531E+01 0.6292E+01 0.1521E+01 0.8310E+00 0.6310E+00 0.6830E+00 0.9030E+00 0.5251E+01 0.1119E+01 0.5380E+00 0.3340E+00 0.1370E+00 0.3000E-01 0.0000E+00 0.0000E+00 0.0000E+00 0.0000E+00 0.0000E+00 0.0000E+00 0.0000E+00 0.0000E+00 -0.9990E+03 -0.9990E+03 -0.9990E+03 -0.9990E+03 -0.9990E+03 -0.9990E+03 -0.9990E+03 -0.9990E+03 -0.9990E+03 -0.9990E+03 -0.9990E+03 -0.9990E+03 -0.9990E+03 -0.9990E+03 -0.9990E+03 -0.9990E+03 -0.9990E+03 -0.9990E+03 -0.9990E+03 -0.9990E+03 -0.9990E+03 -0.9990E+03 -0.9990E+03 -0.9990E+03 -0.9990E+03 -0.9990E+03 -0.9990E+03 -0.9990E+03 -0.9990E+03
0.0000E+00 0.0000E+00 0.5300E-01 0.2160E+00 0.5700E+00 0.9850E+00 0.1846E+01 0.5886E+01 0.1392E+01 0.3930E+00 0.2800E+00 0.3430E+00 0.6610E+00 0.5525E+01 0.2320E+01 0.8490E+00 0.5500E+00 0.2480E+00 0.1090E+00 0.4300E-01 0.2000E-02 0.0000E+00 0.0000E+00 0.0000E+00 0.0000E+00 0.0000E+00 0.0000E+00 -0.9990E+03 -0.9990E+03 -0.9990E+03 -0.9990E+03 -0.9990E+03 -0.9990E+03 -0.9990E+03 -0.9990E+03 -0.9990E+03 -0.9990E+03 -0.9990E+03 -0.9990E+03 -0.9990E+03 -0.9990E+03 -0.9990E+03 -0.9990E+03 -0.9990E+03 -0.9990E+03 -0.9990E+03 -0.9990E+03 -0.9990E+03 -0.9990E+03 -0.9990E+03 -0.9990E+03 -0.9990E+03 -0.9990E+03 -0.9990E+03 -0.9990E+03 -0.9990E+03
0.0000E+00 0.7700E-01 0.1800E+00 0.4290E+00 0.8670E+00 0.1555E+01 0.4761E+01 0.5054E+01 0.9790E+00 0.2400E+00 0.1730E+00 0.2050E+00 0.4180E+00 0.1407E+01 0.6995E+01 0.1218E+01 0.7160E+00 0.3750E+00 0.2560E+00 0.1300E+00 0.5500E-01 0.0000E+00 0.0000E+00 0.0000E+00 0.0000E+00 0.0000E+00 0.0000E+00 0.0000E+00 -0.9990E+03 -0.9990E+03 -0.9990E+03 -0.9990E+03 -0.9990E+03 -0.9990E+03 -0.9990E+03 -0.9990E+03 -0.9990E+03 -0.9990E+03 -0.9990E+03 -0.9990E+03 -0.9990E+03 -0.9990E+03 -0.9990E+03 -0.9990E+03 -0.9990E+03 -0.9990E+03 -0.9990E+03 -0.9990E+03 -0.9990E+03 -0.9990E+03 -0.9990E+03 -0.9990E+03 -0.9990E+03 -0.9990E+03 -0.9990E+03 -0.9990E+03
0.4100E-01 0.1710E+00 0.3500E+00 0.6370E+00 0.1232E+01 0.2480E+01 0.9591E+01 0.1838E+01 0.6340E+00 0.1890E+00 0.1100E+00 0.2190E+00 0.3220E+00 0.9300E+00 0.3829E+01 0.4890E+01 0.1285E+01 0.1119E+01 0.5670E+00 0.2430E+00 0.1220E+00 0.3300E-01 0.0000E+00 0.0000E+00 0.0000E+00 0.0000E+00 0.0000E+00 0.0000E+00 -0.9990E+03 -0.9990E+03 -0.9990E+03 -0.9990E+03 -0.9990E+03 -0.9990E+03 -0.9990E+03 -0.9990E+03 -0.9990E+03 -0.9990E+03 -0.9990E+03 -0.9990E+03 -0.9990E+03 -0.9990E+03 -0.9990E+03 -0.9990E+03 -0.9990E+03 -0.9990E+03 -0.9990E+03 -0.9990E+03 -0.9990E+03 -0.9990E+03 -0.9990E+03 -0.9990E+03 -0.9990E+03 -0.9990E+03 -0.9990E+03 -0.9990E+03
0.1190E+00 0.3020E+00 0.6010E+00 0.1244E+01 0.1744E+01 0.7921E+01 0.3527E+01 0.1037E+01 0.4580E+00 0.2240E+00 0.7400E-01 0.1180E+00 0.2760E+00 0.5040E+00 0.1000E+01 0.3802E+01 0.7656E+01 0.2410E+01 0.7940E+00 0.3450E+00 0.1940E+00 0.7900E-01 0.0000E+00 0.0000E+00 0.0000E+00 0.0000E+00 0.0000E+00 0.0000E+00 -0.9990E+03 -0.9990E+03 -0.9990E+03 -0.9990E+03 -0.9990E+03 -0.9990E+03 -0.9990E+03 -0.9990E+03 -0.9990E+03 -0.9990E+03 -0.9990E+03 -0.9990E+03 -0.9990E+03 -0.9990E+03 -0.9990E+03 -0.9990E+03 -0.9990E+03 -0.9990E+03 -0.9990E+03 -0.9990E+03 -0.9990E+03 -0.9990E+03 -0.9990E+03 -0.9990E+03 -0.9990E+03 -0.9990E+03 -0.9990E+03 -0.9990E+03
0.1980E+00 0.4760E+00 0.1002E+01 0.2347E+01 0.9411E+01 0.2806E+01 0.1167E+01 0.5530E+00 0.2770E+00 0.1230E+00 0.2200E-01 0.6500E-01 0.1560E+00 0.3110E+00 0.5550E+00 0.8890E+00 0.1693E+01 0.8263E+01 0.1566E+01 0.5250E+00 0.2710E+00 0.1570E+00 0.0000E+00 0.0000E+00 0.0000E+00 0.0000E+00 0.0000E+00 0.0000E+00 0.0000E+00 -0.9990E+03 -0.9990E+03 -0.9990E+03 -0.9990E+03 -0.9990E+03 -0.9990E+03 -0.9990E+03 -0.9990E+03 -0.9990E+03 -0.9990E+03 -0.9990E+03 -0.9990E+03 -0.9990E+03 -0.9990E+03 -0.9990E+03 -0.9990E+03 -0.9990E+03 -0.9990E+03 -0.9990E+03 -0.9990E+03 -0.9990E+03 -0.9990E+03 -0.9990E+03 -0.9990E+03 -0.9990E+03 -0.9990E+03 -0.9990E+03
0.2880E+00 0.8190E+00 0.1681E+01 0.7167E+01 0.2398E+01 0.1304E+01 0.6490E+00 0.3070E+00 0.1470E+00 0.6900E-01 0.0000E+00 0.1800E-01 0.7200E-01 0.1550E+00 0.3280E+00 0.6430E+00 0.1039E+01 0.1884E+01 0.6032E+01 0.8630E+00 0.3980E+00 0.1830E+00 0.0000E+00 0.0000E+00 0.0000E+00 0.0000E+00 0.0000E+00 0.0000E+00 0.0000E+00 -0.9990E+03 -0.9990E+03 -0.9990E+03 -0.9990E+03 -0.9990E+03 -0.9990E+03 -0.9990E+03 -0.9990E+03 -0.9990E+03 -0.9990E+03 -0.9990E+03 -0.9990E+03 -0.9990E+03 -0.9990E+03 -0.9990E+03 -0.9990E+03 -0.9990E+03 -0.9990E+03 -0.9990E+03 -0.9990E+03 -0.9990E+03 -0.9990E+03 -0.9990E+03 -0.9990E+03 -0.9990E+03 -0.9990E+03 -0.9990E+03
