Data/conc_no2_2019/rwc_no2_2019.asc
NCOLS          280
NROWS          320
XLLCORNER            0
YLLCORNER       300000
CELLSIZE         1000
NODATA_VALUE  -0.9990E+03
[rows 175 to 199 of 320, columns 56 to 111 of 280]
0.0000E+00 0.0000E+00 0.0000E+00 0.0000E+00 0.0000E+00 0.0000E+00 0.0000E+00 0.0000E+00 0.0000E+00 0.0000E+00 0.0000E+00 0.0000E+00 0.0000E+00 0.0000E+00 0.0000E+00 0.1600E-01 0.5000E-01 0.8800E-01 0.1670E+00 0.1390E+00 0.8300E-01 0.6000E-01 0.8700E-01 0.9700E-01 0.1620E+00 0.2610E+00 0.8530E+00 0.3060E+00 0.4620E+00 0.1070E+01 0.9400E+01 0.2582E+01 0.1294E+01 0.7070E+00 0.2510E+00 0.7000E-02 0.0000E+00 0.0000E+00 0.2000E-02 0.2800E-01 0.6700E-01 0.1530E+00 0.2650E+00 0.4660E+00 0.6370E+00 0.1640E+01 0.5788E+01 0.5124E+01 0.1369E+01 0.3140E+00 0.2290E+00 0.1500E+00 0.0000E+00 0.0000E+00 0.0000E+00 0.0000E+00
0.0000E+00 0.0000E+00 0.0000E+00 0.0000E+00 0.0000E+00 0.0000E+00 0.0000E+00 0.0000E+00 0.0000E+00 0.0000E+00 0.0000E+00 0.0000E+00 0.0000E+00 0.0000E+00 0.0000E+00 0.1900E-01 0.7400E-01 0.1810E+00 0.8920E+00 0.2970E+00 0.1490E+00 0.9300E-01 0.8900E-01 0.5800E-01 0.6600E-01 0.5500E-01 0.1010E+00 0.3140E+00 0.6320E+00 0.1259E+01 0.5264E+01 0.7013E+01 0.1915E+01 0.9180E+00 0.3410E+00 0.1140E+00 0.1360E+00 0.2190E+00 0.2740E+00 0.3660E+00 0.4060E+00 0.4710E+00 0.5630E+00 0.9260E+00 0.1515E+01 0.5788E+01 0.4197E+01 0.1254E+01 0.6670E+00 0.3470E+00 0.2050E+00 0.8700E-01 0.0000E+00 0.0000E+00 0.0000E+00 0.0000E+00
0.0000E+00 0.0000E+00 0.0000E+00 0.0000E+00 0.0000E+00 0.0000E+00 0.5000E-02 0.1700E-01 0.4200E-01 0.7700E-01 0.1110E+00 0.1340E+00 0.1390E+00 0.1230E+00 0.8300E-01 0.7500E-01 0.1130E+00 0.2610E+00 0.1547E+01 0.1690E+01 0.4030E+00 0.2100E+00 0.1400E+00 0.7600E-01 0.2700E-01 0.3100E-01 0.3000E-01 0.2180E+00 0.5870E+00 0.1062E+01 0.2232E+01 0.1008E+02 0.2407E+01 0.1182E+01 0.6740E+00 0.4010E+00 0.3800E+00 0.5020E+00 0.6160E+00 0.7350E+00 0.7520E+00 0.7850E+00 0.1057E+01 0.3119E+01 0.6803E+01 0.1917E+01 0.6690E+00 0.5180E+00 0.3340E+00 0.2220E+00 0.1100E+00 0.2800E-01 0.0000E+00 0.0000E+00 0.0000E+00 0.0000E+00
0.0000E+00 0.0000E+00 0.0000E+00 0.0000E+00 0.0000E+00 0.0000E+00 0.4000E-02 0.1900E-01 0.5500E-01 0.1280E+00 0.1830E+00 0.2480E+00 0.2650E+00 0.2530E+00 0.1980E+00 0.1530E+00 0.1670E+00 0.2530E+00 0.3810E+00 0.2508E+01 0.6560E+00 0.3830E+00 0.2230E+00 0.1150E+00 0.3800E-01 0.1300E-01 0.2200E-01 0.1630E+00 0.5100E+00 0.8920E+00 0.1796E+01 0.8337E+01 0.3950E+01 0.1638E+01 0.9420E+00 0.6550E+00 0.6370E+00 0.8560E+00 0.1184E+01 0.1616E+01 0.1586E+01 0.1889E+01 0.5425E+01 0.4115E+01 0.1026E+01 0.5350E+00 0.3650E+00 0.2510E+00 0.1610E+00 0.9700E-01 0.3000E-01 0.0000E+00 0.0000E+00 0.0000E+00 0.0000E+00 0.0000E+00
0.0000E+00 0.0000E+00 0.0000E+00 0.0000E+00 0.0000E+00 0.0000E+00 0.7000E-02 0.3400E-01 0.9500E-01 0.2550E+00 0.3530E+00 0.5240E+00 0.5420E+00 0.4460E+00 0.4160E+00 0.2860E+00 0.2400E+00 0.2770E+00 0.4680E+00 0.2610E+01 0.1952E+01 0.7550E+00 0.4980E+00 0.4240E+00 0.3680E+00 0.3620E+00 0.3480E+00 0.3770E+00 0.6070E+00 0.7100E+00 0.1292E+01 0.2056E+01 0.8429E+01 0.2060E+01 0.1456E+01 0.1300E+01 0.1353E+01 0.3369E+01 0.7822E+01 0.7475E+01 0.9385E+01 0.5494E+01 0.1178E+01 0.7630E+00 0.3740E+00 0.2820E+00 0.1920E+00 0.1170E+00 0.5200E-01 0.1800E-01 0.0000E+00 0.0000E+00 0.0000E+00 0.0000E+00 0.0000E+00 0.0000E+00
0.0000E+00 0.0000E+00 0.0000E+00 0.0000E+00 0.0000E+00 0.0000E+00 0.1100E-01 0.4900E-01 0.1520E+00 0.9870E+00 0.2177E+01 0.2643E+01 0.2378E+01 0.2262E+01 0.1342E+01 0.5390E+00 0.3790E+00 0.3320E+00 0.3940E+00 0.5140E+00 0.4397E+01 0.1161E+01 0.4970E+00 0.6450E+00 0.5880E+00 0.5380E+00 0.5050E+00 0.4740E+00 0.6930E+00 0.8610E+00 0.1365E+01 0.1328E+01 0.3701E+01 0.5194E+01 0.3360E+01 0.6931E+01 0.6398E+01 0.5973E+01 0.1821E+01 0.1933E+01 0.8211E+01 0.1697E+01 0.8430E+00 0.5330E+00 0.1940E+00 0.1190E+00 0.8200E-01 0.4200E-01 0.4000E-02 0.0000E+00 0.0000E+00 0.0000E+00 0.0000E+00 0.0000E+00 0.0000E+00 0.0000E+00
0.0000E+00 0.0000E+00 0.0000E+00 0.0000E+00 0.0000E+00 0.0000E+00 0.1100E-01 0.5100E-01 0.1350E+00 0.3100E+00 0.1109E+01 0.5320E+00 0.4780E+00 0.5730E+00 0.1739E+01 0.2361E+01 0.5660E+00 0.5050E+00 0.5080E+00 0.4450E+00 0.8540E+00 0.4378E+01 0.8780E+00 0.1303E+01 0.1238E+01 0.8850E+00 0.1025E+01 0.9270E+00 0.2391E+01 0.2497E+01 0.6079E+01 0.2631E+01 0.1981E+01 0.9323E+01 0.6499E+01 0.1183E+01 0.8410E+00 0.9560E+00 0.1037E+01 0.1641E+01 0.8237E+01 0.1568E+01 0.7700E+00 0.4680E+00 0.8400E-01 0.3900E-01 0.1400E-01 0.0000E+00 0.0000E+00 0.0000E+00 0.0000E+00 0.0000E+00 0.0000E+00 0.0000E+00 0.0000E+00 0.0000E+00
0.0000E+00 0.0000E+00 0.0000E+00 0.0000E+00 0.0000E+00 0.0000E+00 0.1000E-01 0.4200E-01 0.7600E-01 0.9600E-01 0.1370E+00 0.2120E+00 0.2590E+00 0.3270E+00 0.5180E+00 0.2122E+01 0.1746E+01 0.7800E+00 0.6780E+00 0.6530E+00 0.4640E+00 0.6160E+00 0.4351E+01 0.5095E+01 0.5022E+01 0.4475E+01 0.4454E+01 0.4129E+01 0.7750E+01 0.5053E+01 0.1411E+01 0.4892E+01 0.5653E+01 0.1336E+01 0.9360E+00 0.6040E+00 0.4120E+00 0.6040E+00 0.7740E+00 0.1414E+01 0.8610E+01 0.1712E+01 0.7880E+00 0.4920E+00 0.1150E+00 0.1100E-01 0.0000E+00 0.0000E+00 0.0000E+00 0.0000E+00 0.0000E+00 0.0000E+00 0.0000E+00 0.0000E+00 0.0000E+00 0.0000E+00
0.0000E+00 0.0000E+00 0.0000E+00 0.0000E+00 0.0000E+00 0.0000E+00 0.7000E-02 0.2600E-01 0.3500E-01 0.4400E-01 0.5700E-01 0.8700E-01 0.1580E+00 0.2120E+00 0.3230E+00 0.5420E+00 0.2026E+01 0.2161E+01 0.1051E+01 0.7250E+00 0.7870E+00 0.8040E+00 0.8830E+00 0.1026E+01 0.9160E+00 0.5830E+00 0.6990E+00 0.9580E+00 0.4174E+01 0.2655E+01 0.1043E+01 0.8760E+00 0.8170E+00 0.5120E+00 0.3980E+00 0.2970E+00 0.2240E+00 0.4510E+00 0.6660E+00 0.1472E+01 0.9488E+01 0.1715E+01 0.8850E+00 0.5590E+00 0.1870E+00 0.7200E-01 0.3000E-02 0.0000E+00 0.0000E+00 0.0000E+00 0.0000E+00 0.0000E+00 0.0000E+00 0.0000E+00 0.0000E+00 0.0000E+00
0.0000E+00 0.0000E+00 0.0000E+00 0.0000E+00 0.0000E+00 0.0000E+00 0.0000E+00 0.4000E-02 0.6000E-02 0.7000E-02 0.7000E-02 0.1600E-01 0.5000E-01 0.9500E-01 0.1090E+00 0.3360E+00 0.7060E+00 0.2755E+01 0.5158E+01 0.3035E+01 0.1692E+01 0.8140E+00 0.6750E+00 0.5240E+00 0.4430E+00 0.3730E+00 0.5600E+00 0.8380E+00 0.2168E+01 0.5911E+01 0.1615E+01 0.8870E+00 0.7620E+00 0.3910E+00 0.2270E+00 0.1300E+00 0.7400E-01 0.2670E+00 0.4580E+00 0.1653E+01 0.1020E+02 0.4128E+01 0.1694E+01 0.8830E+00 0.4000E+00 0.2320E+00 0.2200E-01 0.0000E+00 0.0000E+00 0.0000E+00 0.0000E+00 0.0000E+00 0.0000E+00 0.0000E+00 0.0000E+00 0.0000E+00
0.0000E+00 0.0000E+00 0.0000E+00 0.0000E+00 0.0000E+00 0.0000E+00 0.0000E+00 0.0000E+00 0.0000E+00 0.0000E+00 0.0000E+00 0.5000E-02 0.2800E-01 0.7700E-01 0.9700E-01 0.2100E+00 0.6460E+00 0.2025E+01 0.9680E+00 0.8870E+00 0.2441E+01 0.3790E+01 0.8120E+00 0.6120E+00 0.7080E+00 0.7270E+00 0.9180E+00 0.1192E+01 0.1925E+01 0.7755E+01 0.2084E+01 0.1335E+01 0.7480E+00 0.5700E+00 0.3630E+00 0.2470E+00 0.2090E+00 0.3450E+00 0.5240E+00 0.1220E+01 0.1867E+01 0.1109E+02 0.3874E+01 0.1428E+01 0.9890E+00 0.5140E+00 0.9700E-01 0.0000E+00 0.0000E+00 0.0000E+00 0.0000E+00 0.0000E+00 0.0000E+00 0.0000E+00 0.0000E+00 0.0000E+00
0.0000E+00 0.0000E+00 0.0000E+00 0.0000E+00 0.0000E+00 0.0000E+00 0.0000E+00 0.5000E-02 0.1500E-01 0.2600E-01 0.3700E-01 0.5000E-01 0.6300E-01 0.1070E+00 0.1850E+00 0.3330E+00 0.1333E+01 0.5330E+00 0.3770E+00 0.5260E+00 0.6630E+00 0.3565E+01 0.9350E+00 0.5830E+00 0.6320E+00 0.6390E+00 0.9820E+00 0.1471E+01 0.1944E+01 0.6815E+01 0.2050E+01 0.2124E+01 0.1226E+01 0.9360E+00 0.7520E+00 0.4530E+00 0.4310E+00 0.5780E+00 0.7500E+00 0.1091E+01 0.1462E+01 0.2182E+01 0.9985E+01 0.3111E+01 0.1542E+01 0.7270E+00 0.4750E+00 0.3440E+00 0.2580E+00 0.1630E+00 0.1010E+00 0.5500E-01 0.1200E-01 0.0000E+00 0.0000E+00 0.0000E+00
0.0000E+00 0.0000E+00 0.0000E+00 0.0000E+00 0.2000E-02 0.1000E-01 0.1900E-01 0.2000E-01 0.3000E-01 0.7000E-01 0.9000E-01 0.1050E+00 0.1110E+00 0.1410E+00 0.2670E+00 0.4290E+00 0.1302E+01 0.3300E+00 0.3080E+00 0.3720E+00 0.5220E+00 0.3410E+01 0.1033E+01 0.1051E+01 0.1297E+01 0.1208E+01 0.3399E+01 0.5497E+01 0.6306E+01 0.9434E+01 0.9969E+01 0.8021E+01 0.3385E+01 0.1305E+01 0.1144E+01 0.7600E+00 0.7350E+00 0.1101E+01 0.1455E+01 0.1530E+01 0.1665E+01 0.2837E+01 0.1529E+02 0.6093E+01 0.1809E+01 0.9900E+00 0.7230E+00 0.7380E+00 0.5970E+00 0.4530E+00 0.3280E+00 0.1890E+00 0.1040E+00 0.4200E-01 0.0000E+00 0.0000E+00
0.0000E+00 0.0000E+00 0.0000E+00 0.3000E-02 0.1800E-01 0.3500E-01 0.6000E-01 0.7300E-01 0.8800E-01 0.1440E+00 0.2030E+00 0.2310E+00 0.2200E+00 0.2590E+00 0.9910E+00 0.1245E+01 0.2580E+00 0.1350E+00 0.1620E+00 0.2230E+00 0.3940E+00 0.1516E+01 0.4325E+01 0.4851E+01 0.5767E+01 0.7899E+01 0.3445E+01 0.9580E+00 0.1019E+01 0.1275E+01 0.1942E+01 0.1498E+01 0.4960E+01 0.7525E+01 0.7026E+01 0.1491E+01 0.1475E+01 0.5503E+01 0.8541E+01 0.6028E+01 0.3530E+01 0.1086E+02 0.1158E+02 0.1367E+02 0.2640E+01 0.1679E+01 0.1368E+01 0.1364E+01 0.1055E+01 0.7860E+00 0.7100E+00 0.4990E+00 0.3560E+00 0.2360E+00 0.1260E+00 0.5500E-01
0.0000E+00 0.0000E+00 0.0000E+00 0.1600E-01 0.4100E-01 0.7400E-01 0.1270E+00 0.2040E+00 0.2390E+00 0.3170E+00 0.1062E+01 0.1005E+01 0.8620E+00 0.7460E+00 0.3180E+00 0.1880E+00 0.1070E+00 0.6200E-01 0.8800E-01 0.1380E+00 0.2420E+00 0.4270E+00 0.8200E+00 0.6410E+00 0.6780E+00 0.6920E+00 0.8540E+00 0.5430E+00 0.4600E+00 0.5230E+00 0.5120E+00 0.6210E+00 0.7800E+00 0.1077E+01 0.2268E+01 0.7466E+01 0.6599E+01 0.3068E+01 0.4323E+01 0.5391E+01 0.6137E+01 0.1820E+01 0.2394E+01 0.5482E+01 0.1244E+02 0.5821E+01 0.5431E+01 0.6788E+01 0.5803E+01 0.2967E+01 0.1444E+01 0.1022E+01 0.7900E+00 0.6640E+00 0.5050E+00 0.3620E+00
0.1600E-01 0.1900E-01 0.2400E-01 0.4300E-01 0.7700E-01 0.1310E+00 0.2530E+00 0.5890E+00 0.1314E+01 0.1214E+01 0.3070E+00 0.2070E+00 0.1700E+00 0.1170E+00 0.6300E-01 0.7300E-01 0.5000E-01 0.3400E-01 0.4400E-01 0.8100E-01 0.1240E+00 0.2400E+00 0.3750E+00 0.4330E+00 0.2900E+00 0.2590E+00 0.2850E+00 0.3920E+00 0.2810E+00 0.3330E+00 0.3360E+00 0.4680E+00 0.4430E+00 0.6890E+00 0.9000E+00 0.1317E+01 0.1252E+01 0.1183E+01 0.4594E+01 0.2229E+01 0.1128E+01 0.9620E+00 0.1431E+01 0.2091E+01 0.6487E+01 0.6718E+01 0.2408E+01 0.1588E+01 0.1539E+01 0.5382E+01 0.5604E+01 0.1951E+01 0.1715E+01 0.1203E+01 0.9120E+00 0.7060E+00
0.4400E-01 0.5600E-01 0.6800E-01 0.8600E-01 0.1310E+00 0.2400E+00 0.7190E+00 0.1567E+01 0.4000E+00 0.2120E+00 0.1370E+00 0.9000E-01 0.4300E-01 0.3500E-01 0.2800E-01 0.2500E-01 0.2300E-01 0.1600E-01 0.1300E-01 0.3700E-01 0.7600E-01 0.1310E+00 0.2130E+00 0.2430E+00 0.1460E+00 0.1090E+00 0.8600E-01 0.6900E-01 0.5500E-01 0.4200E-01 0.8200E-01 0.1480E+00 0.2350E+00 0.2930E+00 0.4720E+00 0.7780E+00 0.9940E+00 0.1503E+01 0.5861E+01 0.1814E+01 0.8250E+00 0.7860E+00 0.8600E+00 0.1278E+01 0.2264E+01 0.1017E+02 0.1991E+01 0.1155E+01 0.1103E+01 0.1317E+01 0.3387E+01 0.7100E+01 0.6355E+01 0.2164E+01 0.1930E+01 0.1306E+01
0.1090E+00 0.1370E+00 0.1300E+00 0.1220E+00 0.1670E+00 0.4380E+00 0.1636E+01 0.4050E+00 0.2140E+00 0.1300E+00 0.8000E-01 0.4700E-01 0.2400E-01 0.1500E-01 0.1100E-01 0.9000E-02 0.4000E-02 0.0000E+00 0.0000E+00 0.0000E+00 0.0000E+00 0.0000E+00 0.0000E+00 0.0000E+00 0.0000E+00 0.0000E+00 0.0000E+00 0.0000E+00 0.0000E+00 0.0000E+00 0.0000E+00 0.7000E-02 0.8600E-01 0.1740E+00 0.2960E+00 0.6240E+00 0.9590E+00 0.1789E+01 0.6164E+01 0.1230E+01 0.5350E+00 0.3590E+00 0.3190E+00 0.7300E+00 0.1337E+01 0.4150E+01 0.6916E+01 0.1402E+01 0.9160E+00 0.9440E+00 0.7910E+00 0.1185E+01 0.5424E+01 0.7985E+01 0.7953E+01 0.3261E+01
0.5970E+00 0.6660E+00 0.4530E+00 0.2280E+00 0.3320E+00 0.1470E+01 0.2890E+00 0.1960E+00 0.1190E+00 0.7300E-01 0.3600E-01 0.1500E-01 0.7000E-02 0.0000E+00 0.0000E+00 0.0000E+00 0.0000E+00 0.0000E+00 0.0000E+00 0.0000E+00 0.0000E+00 0.0000E+00 0.0000E+00 0.0000E+00 0.0000E+00 0.0000E+00 0.0000E+00 0.0000E+00 0.0000E+00 0.0000E+00 0.1200E-01 0.2800E-01 0.6000E-01 0.1160E+00 0.3920E+00 0.7120E+00 0.9990E+00 0.4808E+01 0.3983E+01 0.8170E+00 0.3570E+00 0.1840E+00 0.1940E+00 0.4340E+00 0.7130E+00 0.1191E+01 0.7381E+01 0.1512E+01 0.9020E+00 0.8260E+00 0.6760E+00 0.1797E+01 0.3005E+01 0.1467E+01 0.1303E+01 0.3555E+01
0.3290E+00 0.1680E+00 0.4160E+00 0.8920E+00 0.1211E+01 0.3710E+00 0.1570E+00 0.9300E-01 0.6200E-01 0.3600E-01 0.1200E-01 0.0000E+00 0.0000E+00 0.0000E+00 0.0000E+00 0.0000E+00 0.0000E+00 0.0000E+00 0.0000E+00 0.0000E+00 0.0000E+00 0.0000E+00 0.0000E+00 0.0000E+00 0.0000E+00 0.0000E+00 0.0000E+00 0.0000E+00 0.0000E+00 0.2400E-01 0.6600E-01 0.8500E-01 0.1600E+00 0.2820E+00 0.7120E+00 0.1417E+01 0.4575E+01 0.3994E+01 0.9600E+00 0.3700E+00 0.2410E+00 0.1100E+00 0.9200E-01 0.2760E+00 0.3450E+00 0.7130E+00 0.4522E+01 0.6169E+01 0.1285E+01 0.8120E+00 0.7360E+00 0.1065E+01 0.3049E+01 0.7450E+00 0.6940E+00 0.7120E+00
0.1290E+00 0.1000E+00 0.1310E+00 0.1600E+00 0.1320E+00 0.9200E-01 0.7100E-01 0.4400E-01 0.2500E-01 0.1100E-01 0.0000E+00 0.0000E+00 0.0000E+00 0.0000E+00 0.0000E+00 0.0000E+00 0.0000E+00 0.0000E+00 0.0000E+00 0.0000E+00 0.0000E+00 0.0000E+00 0.0000E+00 0.0000E+00 0.0000E+00 0.0000E+00 0.0000E+00 0.0000E+00 0.0000E+00 0.5400E-01 0.1270E+00 0.2650E+00 0.4870E+00 0.9110E+00 0.1559E+01 0.5060E+01 0.2490E+01 0.8840E+00 0.4660E+00 0.2520E+00 0.1420E+00 0.4900E-01 0.1000E-01 0.1510E+00 0.2630E+00 0.4840E+00 0.7770E+00 0.1993E+01 0.5287E+01 0.1120E+01 0.9110E+00 0.3682E+01 0.8240E+00 0.4610E+00 0.3810E+00 0.3210E+00
0.6800E-01 0.6200E-01 0.7000E-01 0.6500E-01 0.4600E-01 0.4500E-01 0.3200E-01 0.1800E-01 0.8000E-02 0.0000E+00 0.0000E+00 0.0000E+00 0.0000E+00 0.0000E+00 0.0000E+00 0.0000E+00 0.0000E+00 0.0000E+00 0.0000E+00 0.0000E+00 0.0000E+00 0.0000E+00 0.0000E+00 0.0000E+00 0.0000E+00 0.0000E+00 0.0000E+00 0.0000E+00 0.0000E+00 0.9000E-01 0.2010E+00 0.4640E+00 0.1112E+01 0.3992E+01 0.4740E+01 0.1192E+01 0.3810E+00 0.3010E+00 0.2450E+00 0.1460E+00 0.7200E-01 0.1600E-01 0.0000E+00 0.6900E-01 0.1500E+00 0.4040E+00 0.5950E+00 0.1075E+01 0.6178E+01 0.1610E+01 0.3623E+01 0.2177E+01 0.3410E+00 0.1750E+00 0.1520E+00 0.1280E+00
0.3200E-01 0.3200E-01 0.2900E-01 0.2300E-01 0.2100E-01 0.1600E-01 0.1200E-01 0.6000E-02 0.0000E+00 0.0000E+00 0.0000E+00 0.0000E+00 0.0000E+00 0.0000E+00 0.0000E+00 0.0000E+00 0.0000E+00 0.0000E+00 0.0000E+00 0.0000E+00 0.0000E+00 0.0000E+00 0.0000E+00 0.0000E+00 0.0000E+00 0.0000E+00 0.0000E+00 0.0000E+00 0.0000E+00 0.1350E+00 0.2990E+00 0.7770E+00 0.4521E+01 0.2258E+01 0.1015E+01 0.5080E+00 0.2770E+00 0.2000E+00 0.1160E+00 0.6000E-01 0.1900E-01 0.0000E+00 0.0000E+00 0.1800E-01 0.1280E+00 0.3400E+00 0.6170E+00 0.1144E+01 0.5995E+01 0.3391E+01 0.9280E+00 0.5030E+00 0.1840E+00 0.1000E+00 0.5000E-01 0.1200E-01
0.1100E-01 0.6000E-02 0.3000E-02 0.0000E+00 0.0000E+00 0.0000E+00 0.0000E+00 0.0000E+00 0.0000E+00 0.0000E+00 0.0000E+00 0.0000E+00 0.0000E+00 0.0000E+00 0.0000E+00 0.0000E+00 0.0000E+00 0.0000E+00 0.0000E+00 0.0000E+00 0.0000E+00 0.0000E+00 0.0000E+00 0.0000E+00 0.0000E+00 0.0000E+00 0.0000E+00 0.0000E+00 0.2000E-01 0.1930E+00 0.3890E+00 0.9310E+00 0.4573E+01 0.1115E+01 0.5610E+00 0.3730E+00 0.1500E+00 0.8500E-01 0.4000E-01 0.1000E-01 0.0000E+00 0.0000E+00 0.0000E+00 0.0000E+00 0.1520E+00 0.3160E+00 0.6060E+00 0.1176E+01 0.7505E+01 0.2512E+01 0.6980E+00 0.3790E+00 0.1000E+00 0.5500E-01 0.2700E-01 0.1000E-02
0.0000E+00 0.0000E+00 0.0000E+00 0.0000E+00 0.0000E+00 0.0000E+00 0.0000E+00 0.0000E+00 0.0000E+00 0.0000E+00 0.0000E+00 0.0000E+00 0.0000E+00 0.0000E+00 0.0000E+00 0.0000E+00 0.0000E+00 0.0000E+00 0.0000E+00 0.0000E+00 0.0000E+00 0.0000E+00 0.0000E+00 0.0000E+00 0.0000E+00 0.0000E+00 0.0000E+00 0.0000E+00 0.4600E-01 0.2440E+00 0.4640E+00 0.9850E+00 0.4427E+01 0.7490E+00 0.3010E+00 0.2490E+00 0.5900E-01 0.2600E-01 0.0000E+00 0.0000E+00 0.0000E+00 0.0000E+00 0.0000E+00 0.0000E+00 0.2430E+00 0.5890E+00 0.1247E+01 0.4076E+01 0.8399E+01 0.1187E+01 0.7250E+00 0.2630E+00 0.4900E-01 0.2200E-01 0.7000E-02 0.0000E+00
