Data/conc_no2_2020/rwc_no2_2020.asc
NCOLS          280
NROWS          320
XLLCORNER            0
YLLCORNER       300000
CELLSIZE         1000
NODATA_VALUE  -0.9990E+03
[rows 150 to 174 of 320, columns 112 to 167 of 280]
0.0000E+00 0.0000E+00 0.0000E+00 0.0000E+00 0.0000E+00 0.0000E+00 0.0000E+00 0.0000E+00 0.0000E+00 0.0000E+00 0.0000E+00 0.3800E-01 0.5090E+00 0.1006E+01 0.2120E+01 0.9526E+01 0.2570E+01 0.9100E+00 0.3750E+00 0.0000E+00 0.0000E+00 0.0000E+00 0.0000E+00 0.0000E+00 0.0000E+00 0.0000E+00 0.5500E-01 0.1100E+00 0.2710E+00 0.7530E+00 0.2412E+01 0.3489E+01 0.8890E+00 0.8240E+00 0.6380E+00 0.5800E+00 0.5770E+00 0.1799E+01 0.6304E+01 0.6566E+01 0.6377E+01 0.2349E+01 0.1405E+01 0.1274E+01 0.1040E+01 0.1162E+01 0.3841E+01 0.3670E+01 0.5890E+00 0.3080E+00 0.9500E-01 0.4100E-01 0.1100E-01 0.0000E+00 0.0000E+00 0.0000E+00
0.0000E+00 0.0000E+00 0.0000E+00 0.0000E+00 0.0000E+00 0.0000E+00 0.0000E+00 0.0000E+00 0.0000E+00 0.0000E+00 0.0000E+00 0.6000E-02 0.5950E+00 0.9750E+00 0.2032E+01 0.9429E+01 0.2401E+01 0.9180E+00 0.5360E+00 0.0000E+00 0.0000E+00 0.0000E+00 0.0000E+00 0.0000E+00 0.0000E+00 0.1800E-01 0.9000E-01 0.2050E+00 0.4810E+00 0.4102E+01 0.3712E+01 0.7480E+00 0.4280E+00 0.3070E+00 0.2830E+00 0.2840E+00 0.2890E+00 0.5740E+00 0.1088E+01 0.1171E+01 0.1290E+01 0.5218E+01 0.4878E+01 0.4418E+01 0.1437E+01 0.1437E+01 0.6015E+01 0.1557E+01 0.6980E+00 0.3430E+00 0.7700E-01 0.4000E-02 0.0000E+00 0.0000E+00 0.0000E+00 0.0000E+00
0.0000E+00 0.0000E+00 0.0000E+00 0.0000E+00 0.0000E+00 0.0000E+00 0.0000E+00 0.0000E+00 0.0000E+00 0.0000E+00 0.0000E+00 0.0000E+00 0.5750E+00 0.9400E+00 0.1995E+01 0.9229E+01 0.2305E+01 0.1053E+01 0.6490E+00 0.0000E+00 0.0000E+00 0.0000E+00 0.0000E+00 0.0000E+00 0.0000E+00 0.4700E-01 0.1350E+00 0.2660E+00 0.6250E+00 0.4058E+01 0.8120E+00 0.4030E+00 0.2280E+00 0.1500E+00 0.1420E+00 0.1590E+00 0.2480E+00 0.4320E+00 0.5130E+00 0.5410E+00 0.6630E+00 0.7230E+00 0.7000E+00 0.3660E+01 0.3381E+01 0.1568E+01 0.5531E+01 0.1616E+01 0.7360E+00 0.5880E+00 0.3040E+00 0.2480E+00 0.2260E+00 0.2530E+00 0.3000E+00 0.3570E+00
0.0000E+00 0.0000E+00 0.0000E+00 0.0000E+00 0.0000E+00 0.0000E+00 0.0000E+00 0.0000E+00 0.0000E+00 0.0000E+00 0.0000E+00 0.0000E+00 0.5420E+00 0.9010E+00 0.1913E+01 0.9000E+01 0.1532E+01 0.1067E+01 0.6600E+00 0.3800E-01 0.0000E+00 0.0000E+00 0.0000E+00 0.0000E+00 0.1100E-01 0.9400E-01 0.2390E+00 0.3690E+00 0.8570E+00 0.3746E+01 0.5680E+00 0.2640E+00 0.1060E+00 0.3100E-01 0.1500E-01 0.2700E-01 0.5100E-01 0.1420E+00 0.2480E+00 0.2830E+00 0.3350E+00 0.3370E+00 0.4390E+00 0.8040E+00 0.4794E+01 0.3086E+01 0.5222E+01 0.1827E+01 0.1180E+01 0.8580E+00 0.6770E+00 0.6080E+00 0.6880E+00 0.6990E+00 0.7630E+00 0.8460E+00
0.0000E+00 0.0000E+00 0.0000E+00 0.0000E+00 0.0000E+00 0.0000E+00 0.0000E+00 0.0000E+00 0.0000E+00 0.0000E+00 0.0000E+00 0.0000E+00 0.4640E+00 0.8760E+00 0.1838E+01 0.8663E+01 0.1369E+01 0.1146E+01 0.7490E+00 0.1860E+00 0.0000E+00 0.0000E+00 0.0000E+00 0.0000E+00 0.4400E-01 0.1610E+00 0.3520E+00 0.7360E+00 0.4042E+01 0.1048E+01 0.3800E+00 0.1920E+00 0.6500E-01 0.1100E-01 0.0000E+00 0.0000E+00 0.0000E+00 0.0000E+00 0.3500E-01 0.6300E-01 0.1120E+00 0.1840E+00 0.3470E+00 0.6370E+00 0.1231E+01 0.9211E+01 0.5608E+01 0.1691E+01 0.1240E+01 0.1608E+01 0.1218E+01 0.9250E+00 0.1081E+01 0.1300E+01 0.1733E+01 0.1957E+01
0.0000E+00 0.0000E+00 0.0000E+00 0.0000E+00 0.0000E+00 0.0000E+00 0.0000E+00 0.0000E+00 0.0000E+00 0.0000E+00 0.0000E+00 0.0000E+00 0.3790E+00 0.8220E+00 0.1765E+01 0.9008E+01 0.1400E+01 0.1322E+01 0.8820E+00 0.3300E+00 0.1000E-02 0.0000E+00 0.0000E+00 0.0000E+00 0.9100E-01 0.2440E+00 0.4920E+00 0.1111E+01 0.4894E+01 0.9650E+00 0.3060E+00 0.1250E+00 0.2900E-01 0.0000E+00 0.0000E+00 0.0000E+00 0.0000E+00 0.0000E+00 0.0000E+00 0.0000E+00 0.1400E-01 0.1020E+00 0.2830E+00 0.5420E+00 0.1100E+01 0.6442E+01 0.7036E+01 0.5204E+01 0.4852E+01 0.6012E+01 0.3409E+01 0.1643E+01 0.1843E+01 0.4741E+01 0.6541E+01 0.7403E+01
0.0000E+00 0.0000E+00 0.0000E+00 0.0000E+00 0.0000E+00 0.0000E+00 0.0000E+00 0.0000E+00 0.0000E+00 0.0000E+00 0.0000E+00 0.0000E+00 0.3030E+00 0.6700E+00 0.1460E+01 0.6495E+01 0.5110E+01 0.1885E+01 0.9590E+00 0.4090E+00 0.6100E-01 0.0000E+00 0.0000E+00 0.2800E-01 0.1410E+00 0.3620E+00 0.7430E+00 0.2729E+01 0.2961E+01 0.7020E+00 0.2520E+00 0.8200E-01 0.1200E-01 0.0000E+00 0.0000E+00 0.0000E+00 0.0000E+00 0.0000E+00 0.1500E-01 0.4500E-01 0.8800E-01 0.1870E+00 0.3910E+00 0.6250E+00 0.1321E+01 0.7489E+01 0.2028E+01 0.1263E+01 0.1023E+01 0.1155E+01 0.4164E+01 0.6021E+01 0.6253E+01 0.3249E+01 0.1734E+01 0.4028E+01
0.0000E+00 0.0000E+00 0.0000E+00 0.0000E+00 0.0000E+00 0.0000E+00 0.0000E+00 0.0000E+00 0.0000E+00 0.0000E+00 0.0000E+00 0.0000E+00 0.1860E+00 0.3710E+00 0.1027E+01 0.1990E+01 0.9726E+01 0.2299E+01 0.1019E+01 0.4380E+00 0.2100E+00 0.4600E-01 0.1000E-02 0.6100E-01 0.2010E+00 0.4640E+00 0.1063E+01 0.5278E+01 0.9770E+00 0.5450E+00 0.1550E+00 0.4400E-01 0.1000E-02 0.0000E+00 0.0000E+00 0.0000E+00 0.2800E-01 0.6500E-01 0.1260E+00 0.2000E+00 0.3130E+00 0.4370E+00 0.6160E+00 0.8840E+00 0.4435E+01 0.3237E+01 0.1086E+01 0.6860E+00 0.5810E+00 0.6080E+00 0.8100E+00 0.9070E+00 0.9500E+00 0.8770E+00 0.1247E+01 0.3710E+01
0.0000E+00 0.0000E+00 0.0000E+00 0.0000E+00 0.0000E+00 0.0000E+00 0.0000E+00 0.0000E+00 0.0000E+00 0.0000E+00 0.0000E+00 0.0000E+00 0.1250E+00 0.4150E+00 0.7440E+00 0.1609E+01 0.8665E+01 0.1653E+01 0.1060E+01 0.5330E+00 0.3630E+00 0.1750E+00 0.6700E-01 0.1130E+00 0.3190E+00 0.6650E+00 0.1550E+01 0.5438E+01 0.1131E+01 0.3120E+00 0.9900E-01 0.2200E-01 0.1400E-01 0.4400E-01 0.9500E-01 0.1530E+00 0.2400E+00 0.3390E+00 0.4730E+00 0.5790E+00 0.6410E+00 0.8710E+00 0.1085E+01 0.1422E+01 0.6844E+01 0.8280E+00 0.4210E+00 0.4140E+00 0.3390E+00 0.3320E+00 0.3350E+00 0.4450E+00 0.5880E+00 0.7150E+00 0.2762E+01 0.1482E+01
0.1200E-01 0.0000E+00 0.0000E+00 0.0000E+00 0.0000E+00 0.0000E+00 0.0000E+00 0.0000E+00 0.0000E+00 0.0000E+00 0.0000E+00 0.0000E+00 0.4600E-01 0.2870E+00 0.5270E+00 0.9440E+00 0.1661E+01 0.7249E+01 0.1392E+01 0.8270E+00 0.6010E+00 0.4280E+00 0.2050E+00 0.2720E+00 0.3580E+00 0.9200E+00 0.4737E+01 0.2633E+01 0.6250E+00 0.2990E+00 0.1680E+00 0.1750E+00 0.2480E+00 0.3250E+00 0.4230E+00 0.4870E+00 0.5400E+00 0.6300E+00 0.7480E+00 0.1181E+01 0.1451E+01 0.3926E+01 0.5421E+01 0.5839E+01 0.1145E+01 0.3080E+00 0.1580E+00 0.1470E+00 0.1110E+00 0.1190E+00 0.1090E+00 0.1800E+00 0.3320E+00 0.5690E+00 0.2444E+01 0.1400E+01
0.5100E-01 0.4000E-02 0.0000E+00 0.0000E+00 0.0000E+00 0.0000E+00 0.0000E+00 0.0000E+00 0.0000E+00 0.0000E+00 0.0000E+00 0.0000E+00 0.0000E+00 0.1690E+00 0.3400E+00 0.4590E+00 0.9350E+00 0.5448E+01 0.5701E+01 0.1359E+01 0.9710E+00 0.6200E+00 0.3010E+00 0.2640E+00 0.3640E+00 0.1215E+01 0.5823E+01 0.1565E+01 0.8050E+00 0.5450E+00 0.4800E+00 0.4980E+00 0.5660E+00 0.5950E+00 0.6720E+00 0.8850E+00 0.1215E+01 0.1352E+01 0.1454E+01 0.6227E+01 0.7124E+01 0.2948E+01 0.9110E+00 0.6510E+00 0.3360E+00 0.1720E+00 0.9700E-01 0.6200E-01 0.8000E-02 0.0000E+00 0.0000E+00 0.4500E-01 0.1680E+00 0.3420E+00 0.6800E+00 0.2940E+01
0.8200E-01 0.2300E-01 0.0000E+00 0.0000E+00 0.0000E+00 0.0000E+00 0.0000E+00 0.0000E+00 0.0000E+00 0.0000E+00 0.0000E+00 0.0000E+00 0.0000E+00 0.6900E-01 0.1880E+00 0.2860E+00 0.5960E+00 0.9620E+00 0.4026E+01 0.6633E+01 0.2255E+01 0.9510E+00 0.3990E+00 0.3520E+00 0.3960E+00 0.1081E+01 0.5577E+01 0.1839E+01 0.9430E+00 0.9000E+00 0.9400E+00 0.1017E+01 0.1137E+01 0.1196E+01 0.1364E+01 0.3931E+01 0.5852E+01 0.6985E+01 0.6865E+01 0.2121E+01 0.1033E+01 0.5890E+00 0.3370E+00 0.2730E+00 0.1510E+00 0.1180E+00 0.6900E-01 0.2800E-01 0.0000E+00 0.0000E+00 0.0000E+00 0.3700E-01 0.1270E+00 0.2420E+00 0.5710E+00 0.3657E+01
0.1190E+00 0.4300E-01 0.0000E+00 0.0000E+00 0.0000E+00 0.0000E+00 0.0000E+00 0.3700E-01 0.1290E+00 0.2390E+00 0.4330E+00 0.6310E+00 0.7690E+00 0.9090E+00 0.1022E+01 0.1091E+01 0.9080E+00 0.7480E+00 0.1173E+01 0.1346E+01 0.9599E+01 0.1495E+01 0.6410E+00 0.4170E+00 0.4480E+00 0.5880E+00 0.3617E+01 0.3448E+01 0.1706E+01 0.1875E+01 0.2048E+01 0.5018E+01 0.5761E+01 0.5824E+01 0.6368E+01 0.3192E+01 0.8590E+00 0.7590E+00 0.7960E+00 0.6210E+00 0.4510E+00 0.2540E+00 0.1640E+00 0.1280E+00 0.7900E-01 0.4800E-01 0.2300E-01 0.0000E+00 0.0000E+00 0.0000E+00 0.0000E+00 0.1400E-01 0.8200E-01 0.1920E+00 0.4470E+00 0.1218E+01
0.8290E+00 0.9280E+00 0.9830E+00 0.1065E+01 0.1086E+01 0.1065E+01 0.1040E+01 0.8610E+00 0.8820E+00 0.7660E+00 0.1075E+01 0.1467E+01 0.1259E+01 0.9380E+00 0.1517E+01 0.1534E+01 0.8780E+00 0.1034E+01 0.1511E+01 0.1318E+01 0.2462E+01 0.6160E+01 0.1113E+01 0.6270E+00 0.5140E+00 0.5230E+00 0.1389E+01 0.9178E+01 0.8633E+01 0.7653E+01 0.8086E+01 0.1642E+01 0.7240E+00 0.6660E+00 0.6220E+00 0.5300E+00 0.4630E+00 0.4400E+00 0.4100E+00 0.4150E+00 0.3750E+00 0.2730E+00 0.1590E+00 0.8900E-01 0.1800E-01 0.0000E+00 0.0000E+00 0.0000E+00 0.0000E+00 0.0000E+00 0.0000E+00 0.1000E-02 0.5400E-01 0.1140E+00 0.2970E+00 0.5550E+00
0.1388E+01 0.1505E+01 0.1485E+01 0.1692E+01 0.1711E+01 0.1673E+01 0.9700E+00 0.7330E+00 0.7860E+00 0.9650E+00 0.1554E+01 0.3233E+01 0.3425E+01 0.1812E+01 0.2395E+01 0.3179E+01 0.2681E+01 0.2047E+01 0.1466E+01 0.1336E+01 0.1614E+01 0.6957E+01 0.1675E+01 0.1074E+01 0.9280E+00 0.8770E+00 0.1952E+01 0.1045E+02 0.2776E+01 0.2246E+01 0.1399E+01 0.6820E+00 0.5670E+00 0.5220E+00 0.5200E+00 0.5180E+00 0.4730E+00 0.4570E+00 0.4490E+00 0.4460E+00 0.4130E+00 0.3320E+00 0.2540E+00 0.2010E+00 0.1250E+00 0.9000E-01 0.4200E-01 0.0000E+00 0.0000E+00 0.0000E+00 0.0000E+00 0.0000E+00 0.2700E-01 0.8700E-01 0.2200E+00 0.3980E+00
0.2692E+01 0.3125E+01 0.3283E+01 0.2705E+01 0.2726E+01 0.3252E+01 0.1859E+01 0.1633E+01 0.1702E+01 0.1888E+01 0.7536E+01 0.1132E+02 0.1078E+02 0.1063E+02 0.1061E+02 0.1040E+02 0.1028E+02 0.8105E+01 0.2545E+01 0.2019E+01 0.2953E+01 0.1128E+02 0.2310E+01 0.1510E+01 0.1255E+01 0.1345E+01 0.3098E+01 0.1170E+02 0.2998E+01 0.1964E+01 0.1225E+01 0.6530E+00 0.6370E+00 0.5320E+00 0.4890E+00 0.4860E+00 0.4930E+00 0.6090E+00 0.7480E+00 0.8110E+00 0.8080E+00 0.6200E+00 0.4660E+00 0.4540E+00 0.3310E+00 0.2720E+00 0.3910E+00 0.3660E+00 0.3570E+00 0.2000E+00 0.1680E+00 0.2260E+00 0.1000E+00 0.5400E-01 0.1580E+00 0.3200E+00
0.1025E+02 0.1078E+02 0.1083E+02 0.1099E+02 0.1103E+02 0.1079E+02 0.1059E+02 0.1049E+02 0.1047E+02 0.1049E+02 0.5213E+01 0.2425E+01 0.2162E+01 0.2069E+01 0.2010E+01 0.1907E+01 0.1754E+01 0.1998E+01 0.8555E+01 0.9791E+01 0.1152E+02 0.1501E+02 0.3897E+01 0.2225E+01 0.1936E+01 0.2086E+01 0.1147E+02 0.4725E+01 0.3147E+01 0.1533E+01 0.1179E+01 0.1312E+01 0.1322E+01 0.1218E+01 0.8740E+00 0.8140E+00 0.1139E+01 0.2675E+01 0.4057E+01 0.4142E+01 0.4063E+01 0.1800E+01 0.8490E+00 0.9750E+00 0.7580E+00 0.6490E+00 0.6650E+00 0.6990E+00 0.7340E+00 0.7090E+00 0.7070E+00 0.5950E+00 0.4550E+00 0.2810E+00 0.4040E+00 0.5120E+00
0.2020E+01 0.2107E+01 0.2113E+01 0.2118E+01 0.1694E+01 0.2113E+01 0.2055E+01 0.1999E+01 0.1937E+01 0.1534E+01 0.8370E+00 0.1072E+01 0.9980E+00 0.9320E+00 0.8690E+00 0.8300E+00 0.8480E+00 0.1270E+01 0.2105E+01 0.2927E+01 0.5533E+01 0.1379E+02 0.1142E+02 0.8080E+01 0.7628E+01 0.2825E+01 0.1345E+02 0.8582E+01 0.6644E+01 0.5502E+01 0.4083E+01 0.4260E+01 0.4502E+01 0.4604E+01 0.4227E+01 0.3380E+01 0.3324E+01 0.2114E+01 0.5710E+00 0.5200E+00 0.5800E+00 0.2541E+01 0.3945E+01 0.3895E+01 0.1238E+01 0.1308E+01 0.1314E+01 0.1456E+01 0.1575E+01 0.1362E+01 0.1433E+01 0.9770E+00 0.7330E+00 0.6540E+00 0.6610E+00 0.7190E+00
0.9860E+00 0.9610E+00 0.9560E+00 0.9560E+00 0.9910E+00 0.9730E+00 0.9320E+00 0.9020E+00 0.8440E+00 0.7370E+00 0.6930E+00 0.6140E+00 0.5090E+00 0.2990E+00 0.4470E+00 0.4850E+00 0.5230E+00 0.8750E+00 0.1424E+01 0.2427E+01 0.9669E+01 0.2213E+01 0.1679E+01 0.1845E+01 0.1742E+01 0.1058E+02 0.1321E+02 0.3292E+01 0.1892E+01 0.1190E+01 0.7700E+00 0.7220E+00 0.4430E+00 0.6500E+00 0.4690E+00 0.3910E+00 0.3560E+00 0.3100E+00 0.2420E+00 0.2310E+00 0.2700E+00 0.3660E+00 0.4920E+00 0.1879E+01 0.4256E+01 0.4736E+01 0.4352E+01 0.5123E+01 0.5243E+01 0.5251E+01 0.4366E+01 0.1538E+01 0.1446E+01 0.1299E+01 0.1205E+01 0.1281E+01
0.5870E+00 0.5600E+00 0.4250E+00 0.5830E+00 0.5810E+00 0.5660E+00 0.5470E+00 0.4880E+00 0.3940E+00 0.3030E+00 0.2130E+00 0.1180E+00 0.4100E-01 0.1100E-01 0.0000E+00 0.6400E-01 0.1370E+00 0.5270E+00 0.1047E+01 0.2103E+01 0.9180E+01 0.1569E+01 0.1042E+01 0.1471E+01 0.1870E+01 0.3626E+01 0.7044E+01 0.1825E+01 0.6700E+00 0.5970E+00 0.3420E+00 0.3330E+00 0.3080E+00 0.2820E+00 0.2540E+00 0.2130E+00 0.1860E+00 0.1580E+00 0.1420E+00 0.1410E+00 0.1570E+00 0.1850E+00 0.2410E+00 0.3500E+00 0.5170E+00 0.6420E+00 0.7110E+00 0.8520E+00 0.8680E+00 0.9130E+00 0.1881E+01 0.4955E+01 0.4886E+01 0.4305E+01 0.3991E+01 0.4230E+01
0.8800E-01 0.2100E-01 0.0000E+00 0.0000E+00 0.0000E+00 0.0000E+00 0.0000E+00 0.0000E+00 0.0000E+00 0.0000E+00 0.0000E+00 0.0000E+00 0.0000E+00 0.0000E+00 0.0000E+00 0.0000E+00 0.0000E+00 0.3140E+00 0.6470E+00 0.1237E+01 0.8392E+01 0.1287E+01 0.8880E+00 0.9880E+00 0.2183E+01 0.8323E+01 0.1509E+01 0.6590E+00 0.3770E+00 0.3480E+00 0.2030E+00 0.1920E+00 0.1740E+00 0.1540E+00 0.1410E+00 0.1120E+00 0.8100E-01 0.5200E-01 0.4100E-01 0.4700E-01 0.5800E-01 0.8500E-01 0.1220E+00 0.1560E+00 0.1940E+00 0.3080E+00 0.3240E+00 0.2480E+00 0.2590E+00 0.2540E+00 0.5430E+00 0.6710E+00 0.5400E+00 0.4470E+00 0.4610E+00 0.6630E+00
0.1700E-01 0.0000E+00 0.0000E+00 0.0000E+00 0.0000E+00 0.0000E+00 0.0000E+00 0.0000E+00 0.0000E+00 0.0000E+00 0.0000E+00 0.0000E+00 0.0000E+00 0.0000E+00 0.0000E+00 0.0000E+00 0.0000E+00 0.2660E+00 0.3370E+00 0.7050E+00 0.6156E+01 0.1364E+01 0.1036E+01 0.9600E+00 0.2684E+01 0.7876E+01 0.9790E+00 0.4200E+00 0.1750E+00 0.5900E-01 0.0000E+00 0.0000E+00 0.0000E+00 0.0000E+00 0.0000E+00 0.0000E+00 0.0000E+00 0.0000E+00 0.0000E+00 0.0000E+00 0.6000E-02 0.3300E-01 0.5400E-01 0.6900E-01 0.8700E-01 0.1070E+00 0.1240E+00 0.1320E+00 0.1370E+00 0.1520E+00 0.2320E+00 0.2880E+00 0.2040E+00 0.2110E+00 0.2310E+00 0.4230E+00
0.0000E+00 0.0000E+00 0.0000E+00 0.0000E+00 0.0000E+00 0.0000E+00 0.0000E+00 0.0000E+00 0.0000E+00 0.0000E+00 0.0000E+00 0.0000E+00 0.0000E+00 0.0000E+00 0.0000E+00 0.0000E+00 0.0000E+00 0.1600E+00 0.3150E+00 0.5250E+00 0.1731E+01 0.6220E+01 0.1476E+01 0.1128E+01 0.7316E+01 0.2910E+01 0.1078E+01 0.3050E+00 0.8500E-01 0.1700E-01 0.0000E+00 0.0000E+00 0.0000E+00 0.0000E+00 0.0000E+00 0.0000E+00 0.0000E+00 0.0000E+00 0.0000E+00 0.0000E+00 0.0000E+00 0.0000E+00 0.0000E+00 0.0000E+00 0.0000E+00 0.0000E+00 0.0000E+00 0.4000E-02 0.2200E-01 0.4600E-01 0.6900E-01 0.1070E+00 0.1400E+00 0.1260E+00 0.1520E+00 0.3670E+00
0.0000E+00 0.0000E+00 0.0000E+00 0.0000E+00 0.0000E+00 0.0000E+00 0.0000E+00 0.0000E+00 0.0000E+00 0.0000E+00 0.0000E+00 0.0000E+00 0.0000E+00 0.0000E+00 0.0000E+00 0.0000E+00 0.0000E+00 0.1050E+00 0.3160E+00 0.4410E+00 0.1360E+01 0.7553E+01 0.1528E+01 0.1953E+01 0.7442E+01 0.1993E+01 0.8510E+00 0.4000E+00 0.7600E-01 0.0000E+00 0.0000E+00 0.0000E+00 0.0000E+00 0.0000E+00 0.0000E+00 0.0000E+00 0.0000E+00 0.0000E+00 0.0000E+00 0.0000E+00 0.0000E+00 0.0000E+00 0.0000E+00 0.0000E+00 0.0000E+00 0.0000E+00 0.0000E+00 0.0000E+00 0.0000E+00 0.0000E+00 0.0000E+00 0.0000E+00 0.0000E+00 0.2000E-01 0.4700E-01 0.1080E+00
0.0000E+00 0.0000E+00 0.0000E+00 0.0000E+00 0.0000E+00 0.0000E+00 0.0000E+00 0.0000E+00 0.0000E+00 0.0000E+00 0.0000E+00 0.0000E+00 0.0000E+00 0.0000E+00 0.0000E+00 0.0000E+00 0.0000E+00 0.3400E-01 0.2560E+00 0.5050E+00 0.1377E+01 0.8355E+01 0.2394E+01 0.2353E+01 0.7427E+01 0.1832E+01 0.7380E+00 0.2950E+00 0.3400E-01 0.0000E+00 0.0000E+00 0.0000E+00 0.0000E+00 0.0000E+00 0.0000E+00 0.0000E+00 0.0000E+00 0.0000E+00 0.0000E+00 0.0000E+00 0.0000E+00 0.0000E+00 0.0000E+00 0.0000E+00 0.0000E+00 0.0000E+00 0.0000E+00 0.0000E+00 0.0000E+00 0.0000E+00 0.0000E+00 0.0000E+00 0.0000E+00 0.0000E+00 0.5000E-02 0.5500E-01
