Data/conc_no2_2020/rwc_no2_2020.asc
NCOLS          280
NROWS          320
XLLCORNER            0
YLLCORNER       300000
CELLSIZE         1000
NODATA_VALUE  -0.9990E+03
[rows 125 to 149 of 320, columns 224 to 279 of 280]
0.0000E+00 0.0000E+00 0.0000E+00 0.0000E+00 0.0000E+00 0.0000E+00 0.0000E+00 0.0000E+00 0.0000E+00 0.0000E+00 0.0000E+00 0.0000E+00 0.5400E-01 0.1030E+00 0.2240E+00 0.1137E+01 0.2760E+00 0.1260E+00 0.7500E-01 0.1900E-01 0.0000E+00 0.0000E+00 0.0000E+00 0.0000E+00 0.0000E+00 0.0000E+00 0.0000E+00 0.0000E+00 0.0000E+00 0.0000E+00 0.0000E+00 0.0000E+00 0.0000E+00 0.0000E+00 0.0000E+00 0.0000E+00 0.0000E+00 0.0000E+00 0.0000E+00 0.0000E+00 0.0000E+00 0.0000E+00 0.0000E+00 -0.9990E+03 -0.9990E+03 -0.9990E+03 -0.9990E+03 -0.9990E+03 -0.9990E+03 -0.9990E+03 -0.9990E+03 -0.9990E+03 -0.9990E+03 -0.9990E+03 -0.9990E+03 -0.9990E+03
0.0000E+00 0.0000E+00 0.0000E+00 0.0000E+00 0.0000E+00 0.0000E+00 0.0000E+00 0.0000E+00 0.0000E+00 0.0000E+00 0.0000E+00 0.0000E+00 0.5100E-01 0.1030E+00 0.2140E+00 0.1115E+01 0.2520E+00 0.1440E+00 0.9600E-01 0.3100E-01 0.0000E+00 0.0000E+00 0.0000E+00 0.0000E+00 0.0000E+00 0.0000E+00 0.0000E+00 0.0000E+00 0.0000E+00 0.0000E+00 0.0000E+00 0.0000E+00 0.0000E+00 0.0000E+00 0.0000E+00 0.0000E+00 0.0000E+00 0.0000E+00 0.0000E+00 0.0000E+00 0.0000E+00 0.0000E+00 0.0000E+00 -0.9990E+03 -0.9990E+03 -0.9990E+03 -0.9990E+03 -0.9990E+03 -0.9990E+03 -0.9990E+03 -0.9990E+03 -0.9990E+03 -0.9990E+03 -0.9990E+03 -0.9990E+03 -0.9990E+03
0.0000E+00 0.0000E+00 0.0000E+00 0.0000E+00 0.0000E+00 0.0000E+00 0.0000E+00 0.0000E+00 0.0000E+00 0.0000E+00 0.0000E+00 0.9000E-02 0.5700E-01 0.7100E-01 0.1280E+00 0.8470E+00 0.4670E+00 0.2400E+00 0.1070E+00 0.3100E-01 0.0000E+00 0.0000E+00 0.0000E+00 0.0000E+00 0.0000E+00 0.0000E+00 0.0000E+00 0.0000E+00 0.0000E+00 0.0000E+00 0.0000E+00 0.0000E+00 0.0000E+00 0.0000E+00 0.0000E+00 0.0000E+00 0.0000E+00 0.0000E+00 0.0000E+00 0.0000E+00 0.0000E+00 0.0000E+00 0.0000E+00 0.0000E+00 -0.9990E+03 -0.9990E+03 -0.9990E+03 -0.9990E+03 -0.9990E+03 -0.9990E+03 -0.9990E+03 -0.9990E+03 -0.9990E+03 -0.9990E+03 -0.9990E+03 -0.9990E+03
0.0000E+00 0.0000E+00 0.0000E+00 0.0000E+00 0.0000E+00 0.0000E+00 0.0000E+00 0.0000E+00 0.0000E+00 0.0000E+00 0.7000E-02 0.2100E-01 0.7000E-01 0.7900E-01 0.1150E+00 0.2550E+00 0.1426E+01 0.2600E+00 0.9200E-01 0.2800E-01 0.0000E+00 0.0000E+00 0.0000E+00 0.0000E+00 0.0000E+00 0.0000E+00 0.0000E+00 0.0000E+00 0.0000E+00 0.0000E+00 0.0000E+00 0.0000E+00 0.0000E+00 0.0000E+00 0.0000E+00 0.0000E+00 0.0000E+00 0.0000E+00 0.0000E+00 0.0000E+00 0.0000E+00 0.0000E+00 0.0000E+00 0.0000E+00 0.0000E+00 -0.9990E+03 -0.9990E+03 -0.9990E+03 -0.9990E+03 -0.9990E+03 -0.9990E+03 -0.9990E+03 -0.9990E+03 -0.9990E+03 -0.9990E+03 -0.9990E+03
0.5000E-01 0.4200E-01 0.4200E-01 0.3300E-01 0.2300E-01 0.1600E-01 0.9000E-02 0.0000E+00 0.0000E+00 0.0000E+00 0.8000E-02 0.3200E-01 0.7900E-01 0.1690E+00 0.3460E+00 0.1093E+01 0.9230E+00 0.1630E+00 0.6400E-01 0.2200E-01 0.0000E+00 0.0000E+00 0.0000E+00 0.0000E+00 0.0000E+00 0.0000E+00 0.0000E+00 0.0000E+00 0.0000E+00 0.0000E+00 0.0000E+00 0.0000E+00 0.0000E+00 0.0000E+00 0.0000E+00 0.0000E+00 0.0000E+00 0.0000E+00 0.0000E+00 0.0000E+00 0.0000E+00 0.0000E+00 0.0000E+00 0.0000E+00 0.0000E+00 0.0000E+00 -0.9990E+03 -0.9990E+03 -0.9990E+03 -0.9990E+03 -0.9990E+03 -0.9990E+03 -0.9990E+03 -0.9990E+03 -0.9990E+03 -0.9990E+03
0.9800E-01 0.6600E-01 0.6600E-01 0.5400E-01 0.5500E-01 0.5400E-01 0.5500E-01 0.6600E-01 0.8100E-01 0.8500E-01 0.8000E-01 0.1130E+00 0.1600E+00 0.3600E+00 0.1457E+01 0.7830E+00 0.2240E+00 0.1050E+00 0.3500E-01 0.1200E-01 0.0000E+00 0.0000E+00 0.0000E+00 0.0000E+00 0.0000E+00 0.0000E+00 0.0000E+00 0.0000E+00 0.0000E+00 0.0000E+00 0.0000E+00 0.0000E+00 0.0000E+00 0.0000E+00 0.0000E+00 0.0000E+00 0.0000E+00 0.0000E+00 0.0000E+00 0.0000E+00 0.0000E+00 0.0000E+00 0.0000E+00 0.0000E+00 0.0000E+00 0.0000E+00 -0.9990E+03 -0.9990E+03 -0.9990E+03 -0.9990E+03 -0.9990E+03 -0.9990E+03 -0.9990E+03 -0.9990E+03 -0.9990E+03 -0.9990E+03
0.2110E+00 0.1410E+00 0.1270E+00 0.1090E+00 0.1070E+00 0.7200E-01 0.8700E-01 0.1130E+00 0.1390E+00 0.1600E+00 0.1600E+00 0.1880E+00 0.2850E+00 0.1204E+01 0.4310E+00 0.2330E+00 0.1260E+00 0.9100E-01 0.1100E-01 0.4000E-02 0.0000E+00 0.0000E+00 0.0000E+00 0.0000E+00 0.0000E+00 0.0000E+00 0.0000E+00 0.0000E+00 0.0000E+00 0.0000E+00 0.0000E+00 0.0000E+00 0.0000E+00 0.0000E+00 0.0000E+00 0.0000E+00 0.0000E+00 0.0000E+00 0.0000E+00 0.0000E+00 0.0000E+00 0.0000E+00 0.0000E+00 0.0000E+00 0.0000E+00 0.0000E+00 -0.9990E+03 -0.9990E+03 -0.9990E+03 -0.9990E+03 -0.9990E+03 -0.9990E+03 -0.9990E+03 -0.9990E+03 -0.9990E+03 -0.9990E+03
0.7870E+00 0.7170E+00 0.6500E+00 0.4460E+00 0.4270E+00 0.1250E+00 0.1700E+00 0.2470E+00 0.3190E+00 0.3570E+00 0.3870E+00 0.4230E+00 0.3770E+00 0.3270E+00 0.1415E+01 0.3320E+00 0.1390E+00 0.6200E-01 0.6000E-02 0.2000E-02 0.0000E+00 0.0000E+00 0.0000E+00 0.0000E+00 0.0000E+00 0.0000E+00 0.0000E+00 0.0000E+00 0.0000E+00 0.0000E+00 0.0000E+00 0.0000E+00 0.0000E+00 0.0000E+00 0.0000E+00 0.0000E+00 0.0000E+00 0.0000E+00 0.0000E+00 0.0000E+00 0.0000E+00 0.0000E+00 0.0000E+00 0.0000E+00 0.0000E+00 0.0000E+00 -0.9990E+03 -0.9990E+03 -0.9990E+03 -0.9990E+03 -0.9990E+03 -0.9990E+03 -0.9990E+03 -0.9990E+03 -0.9990E+03 -0.9990E+03
0.8700E-01 0.8100E-01 0.6500E-01 0.6500E-01 0.2270E+00 0.4960E+00 0.7730E+00 0.9920E+00 0.1245E+01 0.1278E+01 0.1247E+01 0.1255E+01 0.3670E+00 0.4060E+00 0.1860E+01 0.4050E+00 0.1550E+00 0.6200E-01 0.2000E-02 0.0000E+00 0.0000E+00 0.0000E+00 0.0000E+00 0.0000E+00 0.0000E+00 0.0000E+00 0.0000E+00 0.0000E+00 0.0000E+00 0.0000E+00 0.0000E+00 0.0000E+00 0.0000E+00 0.0000E+00 0.0000E+00 0.0000E+00 0.0000E+00 0.0000E+00 0.0000E+00 0.0000E+00 0.0000E+00 0.0000E+00 0.0000E+00 0.0000E+00 0.0000E+00 0.0000E+00 -0.9990E+03 -0.9990E+03 -0.9990E+03 -0.9990E+03 -0.9990E+03 -0.9990E+03 -0.9990E+03 -0.9990E+03 -0.9990E+03 -0.9990E+03
0.4200E-01 0.4100E-01 0.3300E-01 0.3600E-01 0.4700E-01 0.6600E-01 0.9100E-01 0.1450E+00 0.1670E+00 0.2040E+00 0.2600E+00 0.6280E+00 0.1822E+01 0.1046E+01 0.2750E+01 0.6450E+00 0.2800E+00 0.1540E+00 0.9700E-01 0.7500E-01 0.6200E-01 0.1500E-01 0.0000E+00 0.0000E+00 0.0000E+00 0.0000E+00 0.0000E+00 0.0000E+00 0.0000E+00 0.0000E+00 0.0000E+00 0.0000E+00 0.0000E+00 0.0000E+00 0.0000E+00 0.0000E+00 0.0000E+00 0.0000E+00 0.0000E+00 0.0000E+00 0.0000E+00 0.0000E+00 0.0000E+00 0.0000E+00 0.0000E+00 0.0000E+00 -0.9990E+03 -0.9990E+03 -0.9990E+03 -0.9990E+03 -0.9990E+03 -0.9990E+03 -0.9990E+03 -0.9990E+03 -0.9990E+03 -0.9990E+03
0.2800E-01 0.2500E-01 0.2200E-01 0.2200E-01 0.2800E-01 0.4000E-01 0.5500E-01 0.6500E-01 0.6900E-01 0.9400E-01 0.1670E+00 0.2980E+00 0.6220E+00 0.4357E+01 0.1573E+01 0.4680E+00 0.3170E+00 0.2910E+00 0.2460E+00 0.2190E+00 0.2490E+00 0.1720E+00 0.1040E+00 0.4500E-01 0.0000E+00 0.0000E+00 0.0000E+00 0.0000E+00 0.0000E+00 0.0000E+00 0.0000E+00 0.0000E+00 0.0000E+00 0.0000E+00 0.0000E+00 0.0000E+00 0.5000E-02 0.1300E-01 0.3100E-01 0.4900E-01 0.8800E-01 0.1230E+00 0.1260E+00 0.9300E-01 0.7100E-01 -0.9990E+03 -0.9990E+03 -0.9990E+03 -0.9990E+03 -0.9990E+03 -0.9990E+03 -0.9990E+03 -0.9990E+03 -0.9990E+03 -0.9990E+03 -0.9990E+03
0.0000E+00 0.1000E-02 0.3000E-02 0.7000E-02 0.1200E-01 0.2100E-01 0.3000E-01 0.3700E-01 0.4300E-01 0.5100E-01 0.1110E+00 0.2460E+00 0.5010E+00 0.1701E+01 0.2953E+01 0.5660E+00 0.5430E+00 0.6080E+00 0.6030E+00 0.5230E+00 0.6580E+00 0.5310E+00 0.3650E+00 0.1900E+00 0.7000E-01 0.0000E+00 0.0000E+00 0.0000E+00 0.0000E+00 0.0000E+00 0.0000E+00 0.0000E+00 0.0000E+00 0.0000E+00 0.0000E+00 0.6000E-02 0.2000E-01 0.4200E-01 0.6600E-01 0.1240E+00 0.1980E+00 0.2510E+00 0.2460E+00 0.1510E+00 0.1630E+00 -0.9990E+03 -0.9990E+03 -0.9990E+03 -0.9990E+03 -0.9990E+03 -0.9990E+03 -0.9990E+03 -0.9990E+03 -0.9990E+03 -0.9990E+03 -0.9990E+03
0.0000E+00 0.0000E+00 0.0000E+00 0.0000E+00 0.0000E+00 0.0000E+00 0.0000E+00 0.0000E+00 0.2000E-02 0.1200E-01 0.6100E-01 0.1580E+00 0.2730E+00 0.4460E+00 0.9870E+00 0.2895E+01 0.3152E+01 0.3922E+01 0.2430E+01 0.1586E+01 0.1551E+01 0.9970E+00 0.5720E+00 0.3860E+00 0.1890E+00 0.7000E-01 0.0000E+00 0.0000E+00 0.0000E+00 0.2300E-01 0.4900E-01 0.8400E-01 0.1200E+00 0.1380E+00 0.1170E+00 0.1190E+00 0.1060E+00 0.1370E+00 0.1840E+00 0.3260E+00 0.4470E+00 0.6020E+00 0.6340E+00 0.4700E+00 0.2440E+00 -0.9990E+03 -0.9990E+03 -0.9990E+03 -0.9990E+03 -0.9990E+03 -0.9990E+03 -0.9990E+03 -0.9990E+03 -0.9990E+03 -0.9990E+03 -0.9990E+03
0.0000E+00 0.0000E+00 0.0000E+00 0.0000E+00 0.0000E+00 0.0000E+00 0.0000E+00 0.2000E-02 0.1100E-01 0.2200E-01 0.1020E+00 0.1780E+00 0.3130E+00 0.4500E+00 0.6740E+00 0.9000E+00 0.1113E+01 0.1296E+01 0.3205E+01 0.5001E+01 0.5056E+01 0.2010E+01 0.1226E+01 0.7600E+00 0.4390E+00 0.4310E+00 0.3260E+00 0.2380E+00 0.2010E+00 0.1810E+00 0.1840E+00 0.2080E+00 0.2390E+00 0.2800E+00 0.2400E+00 0.1960E+00 0.1750E+00 0.2660E+00 0.4420E+00 0.1131E+01 0.1746E+01 0.2398E+01 0.2483E+01 0.2144E+01 0.2650E+00 -0.9990E+03 -0.9990E+03 -0.9990E+03 -0.9990E+03 -0.9990E+03 -0.9990E+03 -0.9990E+03 -0.9990E+03 -0.9990E+03 -0.9990E+03 -0.9990E+03
0.0000E+00 0.0000E+00 0.0000E+00 0.1700E-01 0.6700E-01 0.1310E+00 0.1300E+00 0.1760E+00 0.2210E+00 0.3580E+00 0.4290E+00 0.4910E+00 0.5560E+00 0.6890E+00 0.8160E+00 0.9740E+00 0.1369E+01 0.1688E+01 0.3674E+01 0.5754E+01 0.4990E+01 0.6358E+01 0.1924E+01 0.7530E+00 0.5680E+00 0.7100E+00 0.5780E+00 0.4680E+00 0.4090E+00 0.3170E+00 0.3820E+00 0.5140E+00 0.7030E+00 0.7880E+00 0.6620E+00 0.3770E+00 0.2890E+00 0.5270E+00 0.1373E+01 0.2000E+01 0.4660E+00 0.3850E+00 0.3090E+00 0.2300E+00 -0.9990E+03 -0.9990E+03 -0.9990E+03 -0.9990E+03 -0.9990E+03 -0.9990E+03 -0.9990E+03 -0.9990E+03 -0.9990E+03 -0.9990E+03 -0.9990E+03 -0.9990E+03
0.0000E+00 0.8000E-02 0.3500E-01 0.7300E-01 0.1890E+00 0.3270E+00 0.3440E+00 0.4040E+00 0.4240E+00 0.4530E+00 0.6930E+00 0.6960E+00 0.5390E+00 0.1279E+01 0.1485E+01 0.1660E+01 0.4026E+01 0.5084E+01 0.3991E+01 0.1302E+01 0.1206E+01 0.3010E+01 0.6433E+01 0.1325E+01 0.1046E+01 0.1275E+01 0.1039E+01 0.6700E+00 0.5060E+00 0.4430E+00 0.6610E+00 0.1105E+01 0.3990E+01 0.3188E+01 0.2312E+01 0.1349E+01 0.8220E+00 0.2294E+01 0.1513E+01 0.3450E+00 0.2120E+00 0.1570E+00 0.1260E+00 0.8100E-01 -0.9990E+03 -0.9990E+03 -0.9990E+03 -0.9990E+03 -0.9990E+03 -0.9990E+03 -0.9990E+03 -0.9990E+03 -0.9990E+03 -0.9990E+03 -0.9990E+03 -0.9990E+03
0.2300E-01 0.6200E-01 0.1210E+00 0.1940E+00 0.4550E+00 0.7220E+00 0.1247E+01 0.1021E+01 0.9610E+00 0.9630E+00 0.1900E+01 0.2274E+01 0.1274E+01 0.4861E+01 0.4919E+01 0.4634E+01 0.2061E+01 0.8840E+00 0.6770E+00 0.3900E+00 0.4500E+00 0.9340E+00 0.3284E+01 0.7910E+01 0.5191E+01 0.3926E+01 0.3953E+01 0.4042E+01 0.1214E+01 0.6510E+00 0.1305E+01 0.4116E+01 0.8200E+00 0.4340E+00 0.4320E+00 0.1168E+01 0.1771E+01 0.4080E+00 0.2440E+00 0.1520E+00 0.1230E+00 0.9300E-01 0.6700E-01 0.3100E-01 -0.9990E+03 -0.9990E+03 -0.9990E+03 -0.9990E+03 -0.9990E+03 -0.9990E+03 -0.9990E+03 -0.9990E+03 -0.9990E+03 -0.9990E+03 -0.9990E+03 -0.9990E+03
0.1600E+00 0.2190E+00 0.3930E+00 0.7370E+00 0.1113E+01 0.1595E+01 0.5190E+01 0.5240E+01 0.4670E+01 0.5154E+01 0.4659E+01 0.2856E+01 0.3949E+01 0.1042E+01 0.7270E+00 0.6030E+00 0.4880E+00 0.3640E+00 0.2170E+00 0.2460E+00 0.4600E+00 0.6710E+00 0.8160E+00 0.4462E+01 0.1688E+01 0.8820E+00 0.5790E+00 0.5080E+00 0.2423E+01 0.3394E+01 0.3293E+01 0.5710E+00 0.3080E+00 0.2480E+00 0.1830E+00 0.1740E+00 0.1900E+00 0.1170E+00 0.8200E-01 0.6400E-01 0.3700E-01 0.1500E-01 0.7000E-02 0.0000E+00 -0.9990E+03 -0.9990E+03 -0.9990E+03 -0.9990E+03 -0.9990E+03 -0.9990E+03 -0.9990E+03 -0.9990E+03 -0.9990E+03 -0.9990E+03 -0.9990E+03 -0.9990E+03
0.6250E+00 0.5550E+00 0.9200E+00 0.1055E+01 0.3285E+01 0.5385E+01 0.1983E+01 0.9510E+00 0.6970E+00 0.8110E+00 0.6970E+00 0.5980E+00 0.5570E+00 0.4100E+00 0.3390E+00 0.2820E+00 0.2010E+00 0.1530E+00 0.8500E-01 0.9600E-01 0.2370E+00 0.4390E+00 0.5320E+00 0.1726E+01 0.3606E+01 0.7270E+00 0.4110E+00 0.3220E+00 0.2980E+00 0.3610E+00 0.4030E+00 0.2180E+00 0.1920E+00 0.1450E+00 0.1070E+00 0.1030E+00 0.8600E-01 0.6100E-01 0.3300E-01 0.2700E-01 0.1100E-01 0.4000E-02 0.0000E+00 0.0000E+00 -0.9990E+03 -0.9990E+03 -0.9990E+03 -0.9990E+03 -0.9990E+03 -0.9990E+03 -0.9990E+03 -0.9990E+03 -0.9990E+03 -0.9990E+03 -0.9990E+03 -0.9990E+03
0.1444E+01 0.1724E+01 0.1558E+01 0.4727E+01 0.4675E+01 0.1083E+01 0.6000E+00 0.4300E+00 0.3710E+00 0.3370E+00 0.3160E+00 0.2830E+00 0.2530E+00 0.2050E+00 0.1490E+00 0.1160E+00 0.7500E-01 0.4800E-01 0.2100E-01 0.1500E-01 0.7800E-01 0.1930E+00 0.3680E+00 0.8520E+00 0.3855E+01 0.7240E+00 0.3970E+00 0.2940E+00 0.1830E+00 0.1590E+00 0.1260E+00 0.7800E-01 0.5700E-01 0.5500E-01 0.3500E-01 0.1900E-01 0.1800E-01 0.1500E-01 0.1100E-01 0.6000E-02 0.0000E+00 0.0000E+00 0.0000E+00 0.0000E+00 0.0000E+00 -0.9990E+03 -0.9990E+03 -0.9990E+03 -0.9990E+03 -0.9990E+03 -0.9990E+03 -0.9990E+03 -0.9990E+03 -0.9990E+03 -0.9990E+03 -0.9990E+03
0.5214E+01 0.6090E+01 0.6311E+01 0.2733E+01 0.8970E+00 0.4960E+00 0.3290E+00 0.2450E+00 0.1990E+00 0.1790E+00 0.1520E+00 0.1170E+00 0.8600E-01 0.4500E-01 0.2600E-01 0.1300E-01 0.0000E+00 0.0000E+00 0.0000E+00 0.0000E+00 0.2700E-01 0.1430E+00 0.2960E+00 0.7730E+00 0.4494E+01 0.6830E+00 0.3830E+00 0.2770E+00 0.2050E+00 0.1350E+00 0.5800E-01 0.3500E-01 0.2500E-01 0.1200E-01 0.0000E+00 0.0000E+00 0.0000E+00 0.0000E+00 0.0000E+00 0.0000E+00 0.0000E+00 0.0000E+00 0.0000E+00 0.0000E+00 0.0000E+00 0.0000E+00 -0.9990E+03 -0.9990E+03 -0.9990E+03 -0.9990E+03 -0.9990E+03 -0.9990E+03 -0.9990E+03 -0.9990E+03 -0.9990E+03 -0.9990E+03
0.2382E+01 0.1147E+01 0.9040E+00 0.5840E+00 0.3550E+00 0.2070E+00 0.1150E+00 0.5800E-01 0.1800E-01 0.2000E-02 0.0000E+00 0.0000E+00 0.0000E+00 0.0000E+00 0.0000E+00 0.0000E+00 0.0000E+00 0.0000E+00 0.0000E+00 0.0000E+00 0.5000E-02 0.1400E+00 0.2110E+00 0.6910E+00 0.4270E+01 0.9260E+00 0.6260E+00 0.5310E+00 0.2730E+00 0.1520E+00 0.5900E-01 0.1400E-01 0.0000E+00 0.0000E+00 0.0000E+00 0.0000E+00 0.0000E+00 0.0000E+00 0.0000E+00 0.0000E+00 0.0000E+00 0.0000E+00 0.0000E+00 0.0000E+00 0.0000E+00 0.0000E+00 -0.9990E+03 -0.9990E+03 -0.9990E+03 -0.9990E+03 -0.9990E+03 -0.9990E+03 -0.9990E+03 -0.9990E+03 -0.9990E+03 -0.9990E+03
0.5960E+00 0.4790E+00 0.3510E+00 0.2410E+00 0.1650E+00 0.9700E-01 0.3200E-01 0.1200E-01 0.0000E+00 0.0000E+00 0.0000E+00 0.0000E+00 0.0000E+00 0.0000E+00 0.0000E+00 0.0000E+00 0.0000E+00 0.0000E+00 0.0000E+00 0.0000E+00 0.0000E+00 0.1010E+00 0.1830E+00 0.3930E+00 0.7350E+00 0.3503E+01 0.2499E+01 0.8760E+00 0.5030E+00 0.3020E+00 0.1640E+00 0.1180E+00 0.9800E-01 0.7900E-01 0.6100E-01 0.5100E-01 0.4600E-01 0.3400E-01 0.2400E-01 0.9000E-02 0.0000E+00 0.0000E+00 0.0000E+00 0.0000E+00 0.0000E+00 0.0000E+00 -0.9990E+03 -0.9990E+03 -0.9990E+03 -0.9990E+03 -0.9990E+03 -0.9990E+03 -0.9990E+03 -0.9990E+03 -0.9990E+03 -0.9990E+03
0.3040E+00 0.2340E+00 0.1690E+00 0.1110E+00 0.6800E-01 0.2700E-01 0.6000E-02 0.0000E+00 0.0000E+00 0.0000E+00 0.0000E+00 0.0000E+00 0.0000E+00 0.0000E+00 0.0000E+00 0.0000E+00 0.0000E+00 0.0000E+00 0.0000E+00 0.0000E+00 0.0000E+00 0.5300E-01 0.9600E-01 0.2150E+00 0.3690E+00 0.5370E+00 0.2016E+01 0.2645E+01 0.6510E+00 0.4220E+00 0.2240E+00 0.1870E+00 0.1500E+00 0.1220E+00 0.1010E+00 0.8700E-01 0.8300E-01 0.5900E-01 0.3900E-01 0.2400E-01 0.1900E-01 -0.9990E+03 -0.9990E+03 -0.9990E+03 -0.9990E+03 -0.9990E+03 -0.9990E+03 -0.9990E+03 -0.9990E+03 -0.9990E+03 -0.9990E+03 -0.9990E+03 -0.9990E+03 -0.9990E+03 -0.9990E+03 -0.9990E+03
0.8500E-01 0.6000E-01 0.3000E-01 0.6000E-02 0.0000E+00 0.0000E+00 0.0000E+00 0.0000E+00 0.0000E+00 0.0000E+00 0.0000E+00 0.0000E+00 0.0000E+00 0.0000E+00 0.0000E+00 0.0000E+00 0.0000E+00 0.0000E+00 0.0000E+00 0.0000E+00 0.0000E+00 0.2500E-01 0.6400E-01 0.1030E+00 0.2010E+00 0.3050E+00 0.5300E+00 0.2396E+01 0.1941E+01 0.5510E+00 0.6000E+00 0.3510E+00 0.2640E+00 0.2360E+00 0.2020E+00 0.2020E+00 0.2270E+00 0.9900E-01 0.5200E-01 0.2900E-01 -0.9990E+03 -0.9990E+03 -0.9990E+03 -0.9990E+03 -0.9990E+03 -0.9990E+03 -0.9990E+03 -0.9990E+03 -0.9990E+03 -0.9990E+03 -0.9990E+03 -0.9990E+03 -0.9990E+03 -0.9990E+03 -0.9990E+03 -0.9990E+03
