Data/conc_no2_2020/rwc_no2_2020.asc
NCOLS          280
NROWS          320
XLLCORNER            0
YLLCORNER       300000
CELLSIZE         1000
NODATA_VALUE  -0.9990E+03
[rows 175 to 199 of 320, columns 112 to 167 of 280]
0.0000E+00 0.0000E+00 0.0000E+00 0.0000E+00 0.0000E+00 0.0000E+00 0.0000E+00 0.0000E+00 0.0000E+00 0.0000E+00 0.0000E+00 0.0000E+00 0.0000E+00 0.0000E+00 0.0000E+00 0.0000E+00 0.0000E+00 0.4000E-02 0.2240E+00 0.4550E+00 0.1119E+01 0.2597E+01 0.6146E+01 0.4627E+01 0.5017E+01 0.1758E+01 0.8750E+00 0.3120E+00 0.4000E-02 0.0000E+00 0.0000E+00 0.0000E+00 0.0000E+00 0.0000E+00 0.0000E+00 0.0000E+00 0.0000E+00 0.0000E+00 0.0000E+00 0.0000E+00 0.0000E+00 0.0000E+00 0.0000E+00 0.0000E+00 0.0000E+00 0.0000E+00 0.0000E+00 0.0000E+00 0.0000E+00 0.0000E+00 0.0000E+00 0.0000E+00 0.0000E+00 0.0000E+00 0.0000E+00 0.0000E+00
0.0000E+00 0.0000E+00 0.0000E+00 0.0000E+00 0.0000E+00 0.0000E+00 0.0000E+00 0.0000E+00 0.0000E+00 0.0000E+00 0.0000E+00 0.0000E+00 0.0000E+00 0.0000E+00 0.3400E-01 0.1010E+00 0.1980E+00 0.2890E+00 0.5770E+00 0.8860E+00 0.1322E+01 0.1385E+01 0.4352E+01 0.1302E+02 0.3477E+01 0.1818E+01 0.1042E+01 0.4800E+00 0.1230E+00 0.0000E+00 0.0000E+00 0.0000E+00 0.0000E+00 0.0000E+00 0.0000E+00 0.0000E+00 0.0000E+00 0.0000E+00 0.0000E+00 0.0000E+00 0.0000E+00 0.0000E+00 0.0000E+00 0.0000E+00 0.0000E+00 0.0000E+00 0.0000E+00 0.0000E+00 0.0000E+00 0.0000E+00 0.0000E+00 0.0000E+00 0.0000E+00 0.0000E+00 0.0000E+00 0.0000E+00
0.0000E+00 0.0000E+00 0.0000E+00 0.0000E+00 0.0000E+00 0.0000E+00 0.0000E+00 0.0000E+00 0.0000E+00 0.0000E+00 0.0000E+00 0.0000E+00 0.0000E+00 0.2100E-01 0.8800E-01 0.2270E+00 0.3830E+00 0.6900E+00 0.1022E+01 0.1166E+01 0.1557E+01 0.2390E+01 0.5413E+01 0.1208E+02 0.5847E+01 0.2395E+01 0.1354E+01 0.7660E+00 0.3530E+00 0.1280E+00 0.0000E+00 0.0000E+00 0.0000E+00 0.0000E+00 0.0000E+00 0.0000E+00 0.0000E+00 0.0000E+00 0.0000E+00 0.0000E+00 0.0000E+00 0.0000E+00 0.0000E+00 0.0000E+00 0.0000E+00 0.0000E+00 0.0000E+00 0.0000E+00 0.0000E+00 0.0000E+00 0.0000E+00 0.0000E+00 0.0000E+00 0.0000E+00 0.0000E+00 0.0000E+00
0.0000E+00 0.0000E+00 0.0000E+00 0.0000E+00 0.0000E+00 0.0000E+00 0.0000E+00 0.0000E+00 0.0000E+00 0.0000E+00 0.0000E+00 0.0000E+00 0.0000E+00 0.7300E-01 0.2110E+00 0.3890E+00 0.6550E+00 0.1675E+01 0.1423E+01 0.1987E+01 0.2520E+01 0.5766E+01 0.7142E+01 0.2639E+01 0.9914E+01 0.3226E+01 0.1996E+01 0.1024E+01 0.6700E+00 0.3450E+00 0.1210E+00 0.0000E+00 0.0000E+00 0.0000E+00 0.0000E+00 0.0000E+00 0.0000E+00 0.0000E+00 0.0000E+00 0.0000E+00 0.0000E+00 0.0000E+00 0.0000E+00 0.0000E+00 0.0000E+00 0.0000E+00 0.0000E+00 0.0000E+00 0.0000E+00 0.0000E+00 0.0000E+00 0.0000E+00 0.0000E+00 0.0000E+00 0.0000E+00 0.0000E+00
0.0000E+00 0.0000E+00 0.0000E+00 0.0000E+00 0.0000E+00 0.0000E+00 0.0000E+00 0.0000E+00 0.0000E+00 0.0000E+00 0.0000E+00 0.0000E+00 0.3900E-01 0.8100E-01 0.2970E+00 0.7350E+00 0.1712E+01 0.7183E+01 0.7130E+01 0.6813E+01 0.6728E+01 0.4323E+01 0.1731E+01 0.1690E+01 0.4669E+01 0.9456E+01 0.3074E+01 0.1885E+01 0.1053E+01 0.5890E+00 0.1500E+00 0.2500E-01 0.0000E+00 0.0000E+00 0.0000E+00 0.0000E+00 0.0000E+00 0.0000E+00 0.0000E+00 0.0000E+00 0.0000E+00 0.0000E+00 0.0000E+00 0.0000E+00 0.0000E+00 0.0000E+00 0.0000E+00 0.0000E+00 0.0000E+00 0.0000E+00 0.0000E+00 0.0000E+00 0.0000E+00 0.0000E+00 0.2000E-01 0.4800E-01
0.0000E+00 0.0000E+00 0.0000E+00 0.0000E+00 0.0000E+00 0.0000E+00 0.0000E+00 0.0000E+00 0.0000E+00 0.0000E+00 0.0000E+00 0.0000E+00 0.7800E-01 0.2400E+00 0.5260E+00 0.1236E+01 0.5790E+01 0.4332E+01 0.1785E+01 0.1351E+01 0.1162E+01 0.9340E+00 0.8630E+00 0.1030E+01 0.1595E+01 0.4409E+01 0.9508E+01 0.2918E+01 0.1682E+01 0.8590E+00 0.2470E+00 0.8500E-01 0.0000E+00 0.0000E+00 0.0000E+00 0.0000E+00 0.0000E+00 0.0000E+00 0.0000E+00 0.0000E+00 0.0000E+00 0.0000E+00 0.0000E+00 0.0000E+00 0.0000E+00 0.0000E+00 0.1000E-01 0.4800E-01 0.1020E+00 0.1750E+00 0.2240E+00 0.2110E+00 0.2370E+00 0.3950E+00 0.3720E+00 0.3780E+00
0.0000E+00 0.0000E+00 0.0000E+00 0.0000E+00 0.0000E+00 0.0000E+00 0.0000E+00 0.0000E+00 0.0000E+00 0.0000E+00 0.0000E+00 0.0000E+00 0.1300E+00 0.3480E+00 0.7950E+00 0.2017E+01 0.7345E+01 0.1757E+01 0.1031E+01 0.6690E+00 0.4620E+00 0.4150E+00 0.4550E+00 0.5740E+00 0.8890E+00 0.1459E+01 0.4069E+01 0.9024E+01 0.2353E+01 0.1158E+01 0.5680E+00 0.2800E+00 0.4200E-01 0.0000E+00 0.0000E+00 0.0000E+00 0.0000E+00 0.0000E+00 0.0000E+00 0.0000E+00 0.0000E+00 0.0000E+00 0.0000E+00 0.0000E+00 0.1300E-01 0.5400E-01 0.1200E+00 0.2130E+00 0.3450E+00 0.4740E+00 0.6690E+00 0.7430E+00 0.6770E+00 0.6120E+00 0.6000E+00 0.3510E+00
0.0000E+00 0.0000E+00 0.0000E+00 0.0000E+00 0.0000E+00 0.0000E+00 0.0000E+00 0.0000E+00 0.0000E+00 0.0000E+00 0.0000E+00 0.3800E-01 0.2130E+00 0.5070E+00 0.1200E+01 0.6553E+01 0.2202E+01 0.1106E+01 0.6710E+00 0.3480E+00 0.2160E+00 0.1600E+00 0.2030E+00 0.3010E+00 0.4480E+00 0.8600E+00 0.1652E+01 0.6818E+01 0.4666E+01 0.1729E+01 0.9160E+00 0.4670E+00 0.1480E+00 0.0000E+00 0.0000E+00 0.0000E+00 0.0000E+00 0.0000E+00 0.0000E+00 0.0000E+00 0.3600E-01 0.6800E-01 0.1160E+00 0.1760E+00 0.2430E+00 0.3180E+00 0.4120E+00 0.4830E+00 0.6740E+00 0.1040E+01 0.1417E+01 0.1617E+01 0.1543E+01 0.1353E+01 0.1205E+01 0.1046E+01
0.0000E+00 0.0000E+00 0.0000E+00 0.0000E+00 0.0000E+00 0.0000E+00 0.0000E+00 0.0000E+00 0.0000E+00 0.0000E+00 0.0000E+00 0.9100E-01 0.3130E+00 0.6650E+00 0.1386E+01 0.5799E+01 0.1440E+01 0.7340E+00 0.3170E+00 0.8000E-01 0.1100E-01 0.0000E+00 0.1900E-01 0.1120E+00 0.2380E+00 0.5520E+00 0.1010E+01 0.1751E+01 0.8413E+01 0.2281E+01 0.1273E+01 0.5840E+00 0.2710E+00 0.7500E-01 0.0000E+00 0.0000E+00 0.0000E+00 0.0000E+00 0.7000E-02 0.5200E-01 0.1260E+00 0.2110E+00 0.3330E+00 0.4070E+00 0.5110E+00 0.4850E+00 0.5690E+00 0.6750E+00 0.1478E+01 0.2924E+01 0.5270E+01 0.4825E+01 0.4676E+01 0.4669E+01 0.4468E+01 0.3626E+01
0.0000E+00 0.0000E+00 0.0000E+00 0.0000E+00 0.0000E+00 0.0000E+00 0.0000E+00 0.0000E+00 0.0000E+00 0.0000E+00 0.0000E+00 0.1480E+00 0.3330E+00 0.8130E+00 0.1911E+01 0.6320E+01 0.1313E+01 0.6010E+00 0.2050E+00 0.2900E-01 0.0000E+00 0.0000E+00 0.0000E+00 0.1700E-01 0.1330E+00 0.3490E+00 0.6340E+00 0.1360E+01 0.6096E+01 0.5008E+01 0.1809E+01 0.8720E+00 0.4960E+00 0.2010E+00 0.0000E+00 0.0000E+00 0.0000E+00 0.2200E-01 0.6900E-01 0.9300E-01 0.2800E+00 0.4320E+00 0.6960E+00 0.1122E+01 0.1173E+01 0.9840E+00 0.8990E+00 0.2622E+01 0.5417E+01 0.4774E+01 0.1015E+01 0.8120E+00 0.6800E+00 0.6420E+00 0.6020E+00 0.4110E+00
0.0000E+00 0.0000E+00 0.0000E+00 0.0000E+00 0.0000E+00 0.0000E+00 0.0000E+00 0.0000E+00 0.0000E+00 0.0000E+00 0.3700E-01 0.2060E+00 0.5440E+00 0.1174E+01 0.6165E+01 0.2295E+01 0.9190E+00 0.4360E+00 0.1190E+00 0.2000E-02 0.0000E+00 0.0000E+00 0.0000E+00 0.0000E+00 0.4100E-01 0.2020E+00 0.4470E+00 0.8950E+00 0.1667E+01 0.8775E+01 0.2203E+01 0.1384E+01 0.7580E+00 0.3680E+00 0.9600E-01 0.0000E+00 0.3000E-01 0.8700E-01 0.1870E+00 0.3610E+00 0.5480E+00 0.1011E+01 0.1326E+01 0.5538E+01 0.4181E+01 0.3977E+01 0.3824E+01 0.2783E+01 0.9680E+00 0.7420E+00 0.5230E+00 0.4340E+00 0.3870E+00 0.3480E+00 0.3250E+00 0.3000E+00
0.0000E+00 0.0000E+00 0.0000E+00 0.0000E+00 0.0000E+00 0.0000E+00 0.0000E+00 0.0000E+00 0.0000E+00 0.0000E+00 0.8600E-01 0.3260E+00 0.6640E+00 0.1469E+01 0.6623E+01 0.1692E+01 0.7510E+00 0.3180E+00 0.6300E-01 0.0000E+00 0.0000E+00 0.0000E+00 0.0000E+00 0.0000E+00 0.0000E+00 0.1050E+00 0.2790E+00 0.5640E+00 0.1059E+01 0.3397E+01 0.6844E+01 0.1964E+01 0.1005E+01 0.6620E+00 0.2870E+00 0.2680E+00 0.3350E+00 0.3370E+00 0.5880E+00 0.8950E+00 0.1505E+01 0.3107E+01 0.6668E+01 0.1880E+01 0.5490E+00 0.4590E+00 0.3960E+00 0.4790E+00 0.3940E+00 0.3390E+00 0.2910E+00 0.2560E+00 0.2190E+00 0.1940E+00 0.1520E+00 0.1300E+00
0.0000E+00 0.0000E+00 0.0000E+00 0.0000E+00 0.0000E+00 0.0000E+00 0.0000E+00 0.0000E+00 0.0000E+00 0.0000E+00 0.1480E+00 0.4400E+00 0.6720E+00 0.1901E+01 0.6369E+01 0.1365E+01 0.6300E+00 0.2170E+00 0.2900E-01 0.0000E+00 0.0000E+00 0.0000E+00 0.0000E+00 0.0000E+00 0.0000E+00 0.3300E-01 0.1520E+00 0.4150E+00 0.7600E+00 0.1550E+01 0.9249E+01 0.2700E+01 0.1705E+01 0.9990E+00 0.7090E+00 0.4850E+00 0.4210E+00 0.5070E+00 0.1009E+01 0.1661E+01 0.4625E+01 0.5749E+01 0.1215E+01 0.6370E+00 0.2870E+00 0.2090E+00 0.2390E+00 0.1970E+00 0.1310E+00 0.1010E+00 0.6700E-01 0.2300E-01 0.9000E-02 0.0000E+00 0.0000E+00 0.0000E+00
0.0000E+00 0.0000E+00 0.0000E+00 0.0000E+00 0.0000E+00 0.0000E+00 0.0000E+00 0.0000E+00 0.1600E-01 0.9100E-01 0.3150E+00 0.7170E+00 0.1316E+01 0.6399E+01 0.2246E+01 0.9120E+00 0.7460E+00 0.4330E+00 0.2850E+00 0.2550E+00 0.1910E+00 0.1150E+00 0.2050E+00 0.3030E+00 0.3540E+00 0.4060E+00 0.5530E+00 0.7410E+00 0.1075E+01 0.1741E+01 0.4472E+01 0.8909E+01 0.3217E+01 0.2027E+01 0.1992E+01 0.1151E+01 0.1384E+01 0.1244E+01 0.1744E+01 0.5660E+01 0.4369E+01 0.1027E+01 0.5780E+00 0.2070E+00 0.1640E+00 0.1450E+00 0.9500E-01 0.6000E-01 0.4100E-01 0.2300E-01 0.8000E-02 0.0000E+00 0.0000E+00 0.0000E+00 0.0000E+00 0.0000E+00
0.1990E+00 0.1070E+00 0.1800E-01 0.0000E+00 0.3000E-02 0.4400E-01 0.1020E+00 0.1840E+00 0.2940E+00 0.4790E+00 0.8070E+00 0.1229E+01 0.1977E+01 0.7070E+01 0.2123E+01 0.8470E+00 0.7330E+00 0.6600E+00 0.6130E+00 0.4970E+00 0.5030E+00 0.4430E+00 0.5980E+00 0.7240E+00 0.7620E+00 0.7570E+00 0.7820E+00 0.9300E+00 0.1216E+01 0.1738E+01 0.3049E+01 0.1036E+02 0.4984E+01 0.4180E+01 0.6047E+01 0.5563E+01 0.5690E+01 0.5809E+01 0.5790E+01 0.3006E+01 0.9230E+00 0.4190E+00 0.2610E+00 0.1220E+00 0.7300E-01 0.3100E-01 0.2000E-02 0.0000E+00 0.0000E+00 0.0000E+00 0.0000E+00 0.0000E+00 0.0000E+00 0.0000E+00 0.0000E+00 0.0000E+00
0.4310E+00 0.3200E+00 0.2470E+00 0.2470E+00 0.2670E+00 0.3110E+00 0.3850E+00 0.5050E+00 0.4360E+00 0.9200E+00 0.1292E+01 0.1871E+01 0.3120E+01 0.6949E+01 0.2043E+01 0.1251E+01 0.1261E+01 0.1368E+01 0.1286E+01 0.9550E+00 0.7880E+00 0.8530E+00 0.1241E+01 0.1540E+01 0.1536E+01 0.1521E+01 0.1488E+01 0.1526E+01 0.1840E+01 0.2325E+01 0.5947E+01 0.7738E+01 0.1402E+02 0.7371E+01 0.3272E+01 0.1659E+01 0.1109E+01 0.9640E+00 0.8360E+00 0.6150E+00 0.3560E+00 0.2180E+00 0.1310E+00 0.5800E-01 0.2200E-01 0.0000E+00 0.0000E+00 0.0000E+00 0.0000E+00 0.0000E+00 0.0000E+00 0.0000E+00 0.0000E+00 0.0000E+00 0.0000E+00 0.0000E+00
0.6280E+00 0.4550E+00 0.3920E+00 0.3990E+00 0.4260E+00 0.4900E+00 0.6110E+00 0.8010E+00 0.1440E+01 0.1864E+01 0.2212E+01 0.4296E+01 0.1074E+02 0.5087E+01 0.3993E+01 0.4051E+01 0.4773E+01 0.4777E+01 0.4589E+01 0.1585E+01 0.1494E+01 0.1664E+01 0.4618E+01 0.5029E+01 0.4803E+01 0.4663E+01 0.4726E+01 0.4738E+01 0.4847E+01 0.4780E+01 0.1963E+01 0.2524E+01 0.8190E+01 0.5038E+01 0.1940E+01 0.1317E+01 0.8350E+00 0.5860E+00 0.3210E+00 0.2430E+00 0.1630E+00 0.8800E-01 0.3300E-01 0.1200E-01 0.0000E+00 0.0000E+00 0.0000E+00 0.0000E+00 0.0000E+00 0.0000E+00 0.0000E+00 0.0000E+00 0.0000E+00 0.0000E+00 0.0000E+00 0.0000E+00
0.9320E+00 0.8420E+00 0.8330E+00 0.8110E+00 0.8270E+00 0.9050E+00 0.1215E+01 0.2028E+01 0.6011E+01 0.6105E+01 0.5931E+01 0.4187E+01 0.5203E+01 0.1267E+01 0.8280E+00 0.6220E+00 0.5300E+00 0.8010E+00 0.9410E+00 0.4305E+01 0.4874E+01 0.4814E+01 0.1602E+01 0.9990E+00 0.9020E+00 0.8720E+00 0.8690E+00 0.8600E+00 0.8980E+00 0.9530E+00 0.1015E+01 0.1362E+01 0.2003E+01 0.7695E+01 0.1934E+01 0.1326E+01 0.7380E+00 0.4400E+00 0.1400E+00 0.9000E-01 0.6400E-01 0.2800E-01 0.8000E-02 0.0000E+00 0.0000E+00 0.0000E+00 0.0000E+00 0.0000E+00 0.0000E+00 0.0000E+00 0.0000E+00 0.0000E+00 0.0000E+00 0.0000E+00 0.0000E+00 0.0000E+00
0.3872E+01 0.4053E+01 0.4318E+01 0.3745E+01 0.4103E+01 0.4081E+01 0.4642E+01 0.5250E+01 0.9170E+00 0.1342E+01 0.1476E+01 0.1878E+01 0.5902E+01 0.1445E+01 0.6140E+00 0.4940E+00 0.3260E+00 0.3700E+00 0.5080E+00 0.4580E+00 0.8010E+00 0.7370E+00 0.5620E+00 0.4610E+00 0.3820E+00 0.2370E+00 0.3270E+00 0.3370E+00 0.2840E+00 0.4450E+00 0.4980E+00 0.7450E+00 0.1118E+01 0.3933E+01 0.5725E+01 0.1730E+01 0.6510E+00 0.3190E+00 0.0000E+00 0.0000E+00 0.0000E+00 0.0000E+00 0.0000E+00 0.0000E+00 0.0000E+00 0.0000E+00 0.0000E+00 0.0000E+00 0.0000E+00 0.0000E+00 0.0000E+00 0.0000E+00 0.0000E+00 0.0000E+00 0.0000E+00 0.0000E+00
0.4570E+00 0.4980E+00 0.5440E+00 0.1242E+01 0.6060E+00 0.6530E+00 0.7780E+00 0.7440E+00 0.6620E+00 0.7480E+00 0.1141E+01 0.3005E+01 0.3797E+01 0.7490E+00 0.6260E+00 0.3020E+00 0.1870E+00 0.2370E+00 0.2920E+00 0.3360E+00 0.3510E+00 0.3170E+00 0.1420E+00 0.2450E+00 0.2510E+00 0.2410E+00 0.2320E+00 0.2010E+00 0.1620E+00 0.1680E+00 0.1670E+00 0.4440E+00 0.7990E+00 0.1526E+01 0.8291E+01 0.1790E+01 0.7850E+00 0.4030E+00 0.0000E+00 0.0000E+00 0.0000E+00 0.0000E+00 0.0000E+00 0.0000E+00 0.0000E+00 0.0000E+00 0.0000E+00 0.0000E+00 0.0000E+00 0.0000E+00 0.0000E+00 0.0000E+00 0.0000E+00 0.0000E+00 0.0000E+00 0.0000E+00
0.2410E+00 0.2280E+00 0.2530E+00 0.2810E+00 0.2880E+00 0.3170E+00 0.3450E+00 0.3310E+00 0.2540E+00 0.3530E+00 0.1142E+01 0.6309E+01 0.1419E+01 0.6520E+00 0.4160E+00 0.6300E-01 0.2100E-01 0.6900E-01 0.1120E+00 0.1200E+00 0.1180E+00 0.1030E+00 0.8400E-01 0.5100E-01 0.2300E-01 0.3000E-02 0.0000E+00 0.0000E+00 0.0000E+00 0.0000E+00 0.6400E-01 0.4320E+00 0.4660E+00 0.8460E+00 0.6526E+01 0.1690E+01 0.8500E+00 0.4540E+00 0.0000E+00 0.0000E+00 0.0000E+00 0.0000E+00 0.0000E+00 0.0000E+00 0.0000E+00 0.0000E+00 0.0000E+00 0.0000E+00 0.0000E+00 0.0000E+00 0.0000E+00 0.0000E+00 0.0000E+00 0.0000E+00 0.0000E+00 0.0000E+00
0.1020E+00 0.1240E+00 0.1420E+00 0.1540E+00 0.1690E+00 0.1540E+00 0.1300E+00 0.1000E+00 0.1940E+00 0.4740E+00 0.1140E+01 0.5785E+01 0.1442E+01 0.6630E+00 0.3860E+00 0.3800E-01 0.0000E+00 0.0000E+00 0.0000E+00 0.0000E+00 0.0000E+00 0.0000E+00 0.0000E+00 0.0000E+00 0.0000E+00 0.0000E+00 0.0000E+00 0.0000E+00 0.0000E+00 0.0000E+00 0.1700E-01 0.4070E+00 0.5530E+00 0.9790E+00 0.7057E+01 0.1849E+01 0.9240E+00 0.5180E+00 0.0000E+00 0.0000E+00 0.0000E+00 0.0000E+00 0.0000E+00 0.0000E+00 0.0000E+00 0.0000E+00 0.0000E+00 0.0000E+00 0.0000E+00 0.0000E+00 0.0000E+00 0.0000E+00 0.0000E+00 0.0000E+00 0.0000E+00 0.0000E+00
0.8000E-02 0.1000E-01 0.8000E-02 0.8000E-02 0.7000E-02 0.5000E-02 0.4000E-02 0.0000E+00 0.2700E+00 0.4960E+00 0.1127E+01 0.5762E+01 0.1406E+01 0.6280E+00 0.3340E+00 0.1100E-01 0.0000E+00 0.0000E+00 0.0000E+00 0.0000E+00 0.0000E+00 0.0000E+00 0.0000E+00 0.0000E+00 0.0000E+00 0.0000E+00 0.0000E+00 0.0000E+00 0.0000E+00 0.0000E+00 0.1000E-02 0.4180E+00 0.6410E+00 0.1635E+01 0.8399E+01 0.2255E+01 0.1060E+01 0.6010E+00 0.9300E-01 0.0000E+00 0.0000E+00 0.0000E+00 0.0000E+00 0.0000E+00 0.0000E+00 0.0000E+00 0.0000E+00 0.0000E+00 0.0000E+00 0.0000E+00 0.0000E+00 0.0000E+00 0.0000E+00 0.0000E+00 0.0000E+00 0.0000E+00
0.0000E+00 0.0000E+00 0.0000E+00 0.0000E+00 0.0000E+00 0.0000E+00 0.0000E+00 0.1100E-01 0.3010E+00 0.5230E+00 0.8920E+00 0.5750E+01 0.1405E+01 0.6250E+00 0.3330E+00 0.0000E+00 0.0000E+00 0.0000E+00 0.0000E+00 0.0000E+00 0.0000E+00 0.0000E+00 0.0000E+00 0.0000E+00 0.0000E+00 0.0000E+00 0.0000E+00 0.0000E+00 0.0000E+00 0.0000E+00 0.2000E-02 0.3570E+00 0.6200E+00 0.1677E+01 0.8394E+01 0.2416E+01 0.1262E+01 0.6880E+00 0.2660E+00 0.6300E-01 0.0000E+00 0.0000E+00 0.0000E+00 0.0000E+00 0.0000E+00 0.0000E+00 0.0000E+00 0.0000E+00 0.0000E+00 0.0000E+00 0.0000E+00 0.0000E+00 0.0000E+00 0.0000E+00 0.0000E+00 0.5000E-02
0.0000E+00 0.0000E+00 0.0000E+00 0.0000E+00 0.0000E+00 0.0000E+00 0.0000E+00 0.4700E-01 0.3200E+00 0.5570E+00 0.8170E+00 0.5482E+01 0.1243E+01 0.3500E+00 0.2800E+00 0.0000E+00 0.0000E+00 0.0000E+00 0.0000E+00 0.0000E+00 0.0000E+00 0.0000E+00 0.0000E+00 0.0000E+00 0.0000E+00 0.0000E+00 0.0000E+00 0.0000E+00 0.0000E+00 0.0000E+00 0.1000E-02 0.2640E+00 0.6720E+00 0.1664E+01 0.8740E+01 0.2899E+01 0.1759E+01 0.7610E+00 0.3080E+00 0.1110E+00 0.1200E-01 0.0000E+00 0.0000E+00 0.0000E+00 0.0000E+00 0.0000E+00 0.0000E+00 0.0000E+00 0.0000E+00 0.0000E+00 0.0000E+00 0.0000E+00 0.0000E+00 0.6000E-02 0.3500E-01 0.6900E-01
