Data/conc_no2_2020/rwc_no2_2020.asc
NCOLS          280
NROWS          320
XLLCORNER            0
YLLCORNER       300000
CELLSIZE         1000
NODATA_VALUE  -0.9990E+03
[rows 150 to 174 of 320, columns 224 to 279 of 280]
0.0000E+00 0.0000E+00 0.0000E+00 0.0000E+00 0.0000E+00 0.0000E+00 0.0000E+00 0.0000E+00 0.0000E+00 0.0000E+00 0.0000E+00 0.0000E+00 0.0000E+00 0.0000E+00 0.0000E+00 0.0000E+00 0.0000E+00 0.0000E+00 0.0000E+00 0.0000E+00 0.0000E+00 0.0000E+00 0.1900E-01 0.5400E-01 0.1180E+00 0.1860E+00 0.2990E+00 0.3250E+00 0.1501E+01 0.2675E+01 0.2761E+01 0.1550E+01 0.1277E+01 0.1233E+01 0.1053E+01 0.1111E+01 0.8910E+00 0.2210E+00 0.1590E+00 0.6700E-01 -0.9990E+03 -0.9990E+03 -0.9990E+03 -0.9990E+03 -0.9990E+03 -0.9990E+03 -0.9990E+03 -0.9990E+03 -0.9990E+03 -0.9990E+03 -0.9990E+03 -0.9990E+03 -0.9990E+03 -0.9990E+03 -0.9990E+03 -0.9990E+03
0.0000E+00 0.0000E+00 0.0000E+00 0.0000E+00 0.0000E+00 0.0000E+00 0.0000E+00 0.0000E+00 0.0000E+00 0.0000E+00 0.0000E+00 0.0000E+00 0.0000E+00 0.0000E+00 0.0000E+00 0.0000E+00 0.0000E+00 0.0000E+00 0.0000E+00 0.0000E+00 0.0000E+00 0.0000E+00 0.4000E-02 0.2100E-01 0.5500E-01 0.1280E+00 0.2040E+00 0.3480E+00 0.5140E+00 0.1212E+01 0.3930E+00 0.1850E+00 0.1570E+00 0.2320E+00 0.1200E+00 0.1420E+00 0.2610E+00 0.7930E+00 0.5960E+00 0.7400E-01 -0.9990E+03 -0.9990E+03 -0.9990E+03 -0.9990E+03 -0.9990E+03 -0.9990E+03 -0.9990E+03 -0.9990E+03 -0.9990E+03 -0.9990E+03 -0.9990E+03 -0.9990E+03 -0.9990E+03 -0.9990E+03 -0.9990E+03 -0.9990E+03
0.0000E+00 0.0000E+00 0.0000E+00 0.0000E+00 0.0000E+00 0.0000E+00 0.0000E+00 0.0000E+00 0.0000E+00 0.0000E+00 0.0000E+00 0.0000E+00 0.0000E+00 0.0000E+00 0.0000E+00 0.0000E+00 0.0000E+00 0.0000E+00 0.0000E+00 0.0000E+00 0.0000E+00 0.2000E-02 0.1100E-01 0.2500E-01 0.5700E-01 0.1170E+00 0.2500E+00 0.5000E+00 0.1038E+01 0.3940E+00 0.1360E+00 0.1090E+00 0.7800E-01 0.6400E-01 0.5800E-01 0.7700E-01 0.8800E-01 0.8800E-01 0.6700E-01 -0.9990E+03 -0.9990E+03 -0.9990E+03 -0.9990E+03 -0.9990E+03 -0.9990E+03 -0.9990E+03 -0.9990E+03 -0.9990E+03 -0.9990E+03 -0.9990E+03 -0.9990E+03 -0.9990E+03 -0.9990E+03 -0.9990E+03 -0.9990E+03 -0.9990E+03
0.0000E+00 0.0000E+00 0.0000E+00 0.0000E+00 0.0000E+00 0.0000E+00 0.0000E+00 0.0000E+00 0.0000E+00 0.0000E+00 0.0000E+00 0.0000E+00 0.0000E+00 0.0000E+00 0.0000E+00 0.0000E+00 0.0000E+00 0.0000E+00 0.4000E-02 0.9000E-02 0.1500E-01 0.2600E-01 0.4000E-01 0.6000E-01 0.9700E-01 0.2080E+00 0.6730E+00 0.8280E+00 0.2000E+00 0.1280E+00 0.9600E-01 0.7300E-01 0.5700E-01 0.4700E-01 0.4300E-01 0.4300E-01 0.3900E-01 0.3700E-01 -0.9990E+03 -0.9990E+03 -0.9990E+03 -0.9990E+03 -0.9990E+03 -0.9990E+03 -0.9990E+03 -0.9990E+03 -0.9990E+03 -0.9990E+03 -0.9990E+03 -0.9990E+03 -0.9990E+03 -0.9990E+03 -0.9990E+03 -0.9990E+03 -0.9990E+03 -0.9990E+03
0.0000E+00 0.0000E+00 0.0000E+00 0.0000E+00 0.0000E+00 0.0000E+00 0.0000E+00 0.0000E+00 0.0000E+00 0.0000E+00 0.0000E+00 0.0000E+00 0.0000E+00 0.0000E+00 0.0000E+00 0.0000E+00 0.0000E+00 0.9000E-02 0.2100E-01 0.3400E-01 0.5000E-01 0.7300E-01 0.8100E-01 0.8400E-01 0.1480E+00 0.7780E+00 0.5710E+00 0.1450E+00 0.6200E-01 0.3400E-01 0.2100E-01 0.1000E-01 0.4000E-02 0.1000E-02 0.6000E-02 -0.9990E+03 -0.9990E+03 -0.9990E+03 -0.9990E+03 -0.9990E+03 -0.9990E+03 -0.9990E+03 -0.9990E+03 -0.9990E+03 -0.9990E+03 -0.9990E+03 -0.9990E+03 -0.9990E+03 -0.9990E+03 -0.9990E+03 -0.9990E+03 -0.9990E+03 -0.9990E+03 -0.9990E+03 -0.9990E+03 -0.9990E+03
0.0000E+00 0.0000E+00 0.0000E+00 0.0000E+00 0.0000E+00 0.0000E+00 0.0000E+00 0.0000E+00 0.0000E+00 0.0000E+00 0.0000E+00 0.0000E+00 0.0000E+00 0.0000E+00 0.0000E+00 0.0000E+00 0.6000E-02 0.1900E-01 0.4300E-01 0.7200E-01 0.1210E+00 0.1880E+00 0.1420E+00 0.1360E+00 0.5370E+00 0.3610E+00 0.1100E+00 0.6100E-01 0.3200E-01 0.1800E-01 0.1000E-01 0.4000E-02 0.1000E-02 0.0000E+00 0.0000E+00 -0.9990E+03 -0.9990E+03 -0.9990E+03 -0.9990E+03 -0.9990E+03 -0.9990E+03 -0.9990E+03 -0.9990E+03 -0.9990E+03 -0.9990E+03 -0.9990E+03 -0.9990E+03 -0.9990E+03 -0.9990E+03 -0.9990E+03 -0.9990E+03 -0.9990E+03 -0.9990E+03 -0.9990E+03 -0.9990E+03 -0.9990E+03
0.0000E+00 0.0000E+00 0.0000E+00 0.0000E+00 0.0000E+00 0.0000E+00 0.0000E+00 0.0000E+00 0.0000E+00 0.0000E+00 0.0000E+00 0.0000E+00 0.0000E+00 0.0000E+00 0.0000E+00 0.4000E-02 0.1500E-01 0.3800E-01 0.7700E-01 0.1480E+00 0.3200E+00 0.8450E+00 0.7040E+00 0.4980E+00 0.3740E+00 0.7900E-01 0.4300E-01 0.2700E-01 0.1400E-01 0.6000E-02 0.3000E-02 0.0000E+00 0.0000E+00 0.0000E+00 -0.9990E+03 -0.9990E+03 -0.9990E+03 -0.9990E+03 -0.9990E+03 -0.9990E+03 -0.9990E+03 -0.9990E+03 -0.9990E+03 -0.9990E+03 -0.9990E+03 -0.9990E+03 -0.9990E+03 -0.9990E+03 -0.9990E+03 -0.9990E+03 -0.9990E+03 -0.9990E+03 -0.9990E+03 -0.9990E+03 -0.9990E+03 -0.9990E+03
0.0000E+00 0.0000E+00 0.0000E+00 0.0000E+00 0.0000E+00 0.0000E+00 0.0000E+00 0.0000E+00 0.0000E+00 0.0000E+00 0.0000E+00 0.0000E+00 0.0000E+00 0.0000E+00 0.2000E-02 0.1300E-01 0.3000E-01 0.6800E-01 0.1310E+00 0.3310E+00 0.1485E+01 0.4250E+00 0.1380E+00 0.8600E-01 0.5500E-01 0.3200E-01 0.1800E-01 0.1200E-01 0.6000E-02 0.1000E-02 0.0000E+00 0.0000E+00 0.0000E+00 0.0000E+00 -0.9990E+03 -0.9990E+03 -0.9990E+03 -0.9990E+03 -0.9990E+03 -0.9990E+03 -0.9990E+03 -0.9990E+03 -0.9990E+03 -0.9990E+03 -0.9990E+03 -0.9990E+03 -0.9990E+03 -0.9990E+03 -0.9990E+03 -0.9990E+03 -0.9990E+03 -0.9990E+03 -0.9990E+03 -0.9990E+03 -0.9990E+03 -0.9990E+03
0.0000E+00 0.0000E+00 0.0000E+00 0.0000E+00 0.0000E+00 0.0000E+00 0.0000E+00 0.0000E+00 0.0000E+00 0.0000E+00 0.0000E+00 0.0000E+00 0.0000E+00 0.0000E+00 0.5000E-02 0.1400E-01 0.5000E-01 0.1140E+00 0.2600E+00 0.1189E+01 0.3240E+00 0.1090E+00 0.5600E-01 0.3800E-01 0.2000E-01 0.1300E-01 0.8000E-02 0.4000E-02 0.1000E-02 0.0000E+00 0.0000E+00 0.0000E+00 0.0000E+00 -0.9990E+03 -0.9990E+03 -0.9990E+03 -0.9990E+03 -0.9990E+03 -0.9990E+03 -0.9990E+03 -0.9990E+03 -0.9990E+03 -0.9990E+03 -0.9990E+03 -0.9990E+03 -0.9990E+03 -0.9990E+03 -0.9990E+03 -0.9990E+03 -0.9990E+03 -0.9990E+03 -0.9990E+03 -0.9990E+03 -0.9990E+03 -0.9990E+03 -0.9990E+03
0.0000E+00 0.0000E+00 0.0000E+00 0.0000E+00 0.0000E+00 0.0000E+00 0.0000E+00 0.0000E+00 0.0000E+00 0.0000E+00 0.0000E+00 0.0000E+00 0.0000E+00 0.0000E+00 0.1200E-01 0.2500E-01 0.7600E-01 0.1850E+00 0.8140E+00 0.5080E+00 0.1080E+00 0.5100E-01 0.2900E-01 0.2000E-01 0.1000E-01 0.5000E-02 0.3000E-02 0.1000E-02 0.0000E+00 0.0000E+00 0.0000E+00 0.0000E+00 0.0000E+00 -0.9990E+03 -0.9990E+03 -0.9990E+03 -0.9990E+03 -0.9990E+03 -0.9990E+03 -0.9990E+03 -0.9990E+03 -0.9990E+03 -0.9990E+03 -0.9990E+03 -0.9990E+03 -0.9990E+03 -0.9990E+03 -0.9990E+03 -0.9990E+03 -0.9990E+03 -0.9990E+03 -0.9990E+03 -0.9990E+03 -0.9990E+03 -0.9990E+03 -0.9990E+03
0.0000E+00 0.0000E+00 0.0000E+00 0.0000E+00 0.0000E+00 0.0000E+00 0.0000E+00 0.0000E+00 0.0000E+00 0.0000E+00 0.0000E+00 0.0000E+00 0.0000E+00 0.1000E-02 0.2400E-01 0.5600E-01 0.1300E+00 0.5020E+00 0.9200E+00 0.1900E+00 0.9000E-01 0.3500E-01 0.1600E-01 0.7000E-02 0.0000E+00 0.0000E+00 0.0000E+00 0.0000E+00 0.0000E+00 0.0000E+00 0.0000E+00 -0.9990E+03 -0.9990E+03 -0.9990E+03 -0.9990E+03 -0.9990E+03 -0.9990E+03 -0.9990E+03 -0.9990E+03 -0.9990E+03 -0.9990E+03 -0.9990E+03 -0.9990E+03 -0.9990E+03 -0.9990E+03 -0.9990E+03 -0.9990E+03 -0.9990E+03 -0.9990E+03 -0.9990E+03 -0.9990E+03 -0.9990E+03 -0.9990E+03 -0.9990E+03 -0.9990E+03 -0.9990E+03
0.0000E+00 0.0000E+00 0.0000E+00 0.0000E+00 0.0000E+00 0.0000E+00 0.0000E+00 0.0000E+00 0.0000E+00 0.0000E+00 0.0000E+00 0.0000E+00 0.0000E+00 0.6000E-02 0.3700E-01 0.8000E-01 0.1540E+00 0.9250E+00 0.2410E+00 0.1220E+00 0.5900E-01 0.1800E-01 0.6000E-02 0.1000E-02 0.0000E+00 0.0000E+00 -0.9990E+03 -0.9990E+03 -0.9990E+03 -0.9990E+03 -0.9990E+03 -0.9990E+03 -0.9990E+03 -0.9990E+03 -0.9990E+03 -0.9990E+03 -0.9990E+03 -0.9990E+03 -0.9990E+03 -0.9990E+03 -0.9990E+03 -0.9990E+03 -0.9990E+03 -0.9990E+03 -0.9990E+03 -0.9990E+03 -0.9990E+03 -0.9990E+03 -0.9990E+03 -0.9990E+03 -0.9990E+03 -0.9990E+03 -0.9990E+03 -0.9990E+03 -0.9990E+03 -0.9990E+03
0.0000E+00 0.0000E+00 0.0000E+00 0.0000E+00 0.0000E+00 0.0000E+00 0.0000E+00 0.0000E+00 0.0000E+00 0.0000E+00 0.0000E+00 0.0000E+00 0.0000E+00 0.1600E-01 0.5200E-01 0.1030E+00 0.1250E+00 0.6880E+00 0.1530E+00 0.1000E+00 0.4000E-01 0.8000E-02 0.2000E-02 0.0000E+00 0.0000E+00 -0.9990E+03 -0.9990E+03 -0.9990E+03 -0.9990E+03 -0.9990E+03 -0.9990E+03 -0.9990E+03 -0.9990E+03 -0.9990E+03 -0.9990E+03 -0.9990E+03 -0.9990E+03 -0.9990E+03 -0.9990E+03 -0.9990E+03 -0.9990E+03 -0.9990E+03 -0.9990E+03 -0.9990E+03 -0.9990E+03 -0.9990E+03 -0.9990E+03 -0.9990E+03 -0.9990E+03 -0.9990E+03 -0.9990E+03 -0.9990E+03 -0.9990E+03 -0.9990E+03 -0.9990E+03 -0.9990E+03
0.0000E+00 0.0000E+00 0.0000E+00 0.0000E+00 0.0000E+00 0.0000E+00 0.0000E+00 0.0000E+00 0.0000E+00 0.0000E+00 0.0000E+00 0.0000E+00 0.0000E+00 0.2800E-01 0.6800E-01 0.1430E+00 0.3210E+00 0.1121E+01 0.2040E+00 0.8600E-01 0.2600E-01 0.3000E-02 0.0000E+00 0.0000E+00 0.0000E+00 -0.9990E+03 -0.9990E+03 -0.9990E+03 -0.9990E+03 -0.9990E+03 -0.9990E+03 -0.9990E+03 -0.9990E+03 -0.9990E+03 -0.9990E+03 -0.9990E+03 -0.9990E+03 -0.9990E+03 -0.9990E+03 -0.9990E+03 -0.9990E+03 -0.9990E+03 -0.9990E+03 -0.9990E+03 -0.9990E+03 -0.9990E+03 -0.9990E+03 -0.9990E+03 -0.9990E+03 -0.9990E+03 -0.9990E+03 -0.9990E+03 -0.9990E+03 -0.9990E+03 -0.9990E+03 -0.9990E+03
0.0000E+00 0.0000E+00 0.0000E+00 0.0000E+00 0.0000E+00 0.0000E+00 0.0000E+00 0.0000E+00 0.0000E+00 0.0000E+00 0.0000E+00 0.0000E+00 0.3000E-02 0.3700E-01 0.9700E-01 0.2170E+00 0.1256E+01 0.3310E+00 0.1400E+00 0.7800E-01 0.1500E-01 0.0000E+00 0.0000E+00 0.0000E+00 0.0000E+00 -0.9990E+03 -0.9990E+03 -0.9990E+03 -0.9990E+03 -0.9990E+03 -0.9990E+03 -0.9990E+03 -0.9990E+03 -0.9990E+03 -0.9990E+03 -0.9990E+03 -0.9990E+03 -0.9990E+03 -0.9990E+03 -0.9990E+03 -0.9990E+03 -0.9990E+03 -0.9990E+03 -0.9990E+03 -0.9990E+03 -0.9990E+03 -0.9990E+03 -0.9990E+03 -0.9990E+03 -0.9990E+03 -0.9990E+03 -0.9990E+03 -0.9990E+03 -0.9990E+03 -0.9990E+03 -0.9990E+03
0.0000E+00 0.0000E+00 0.0000E+00 0.0000E+00 0.0000E+00 0.0000E+00 0.0000E+00 0.0000E+00 0.0000E+00 0.0000E+00 0.0000E+00 0.0000E+00 0.7000E-02 0.5300E-01 0.1110E+00 0.2510E+00 0.1221E+01 0.2880E+00 0.1260E+00 0.6300E-01 0.8000E-02 0.0000E+00 0.0000E+00 0.0000E+00 -0.9990E+03 -0.9990E+03 -0.9990E+03 -0.9990E+03 -0.9990E+03 -0.9990E+03 -0.9990E+03 -0.9990E+03 -0.9990E+03 -0.9990E+03 -0.9990E+03 -0.9990E+03 -0.9990E+03 -0.9990E+03 -0.9990E+03 -0.9990E+03 -0.9990E+03 -0.9990E+03 -0.9990E+03 -0.9990E+03 -0.9990E+03 -0.9990E+03 -0.9990E+03 -0.9990E+03 -0.9990E+03 -0.9990E+03 -0.9990E+03 -0.9990E+03 -0.9990E+03 -0.9990E+03 -0.9990E+03 -0.9990E+03
0.0000E+00 0.0000E+00 0.0000E+00 0.0000E+00 0.0000E+00 0.0000E+00 0.0000E+00 0.0000E+00 0.0000E+00 0.0000E+00 0.0000E+00 0.0000E+00 0.1100E-01 0.7000E-01 0.1300E+00 0.2850E+00 0.1228E+01 0.2620E+00 0.1160E+00 0.5300E-01 0.5000E-02 -0.9990E+03 -0.9990E+03 -0.9990E+03 -0.9990E+03 -0.9990E+03 -0.9990E+03 -0.9990E+03 -0.9990E+03 -0.9990E+03 -0.9990E+03 -0.9990E+03 -0.9990E+03 -0.9990E+03 -0.9990E+03 -0.9990E+03 -0.9990E+03 -0.9990E+03 -0.9990E+03 -0.9990E+03 -0.9990E+03 -0.9990E+03 -0.9990E+03 -0.9990E+03 -0.9990E+03 -0.9990E+03 -0.9990E+03 -0.9990E+03 -0.9990E+03 -0.9990E+03 -0.9990E+03 -0.9990E+03 -0.9990E+03 -0.9990E+03 -0.9990E+03 -0.9990E+03
0.0000E+00 0.0000E+00 0.0000E+00 0.0000E+00 0.0000E+00 0.0000E+00 0.0000E+00 0.0000E+00 0.0000E+00 0.0000E+00 0.0000E+00 0.0000E+00 0.2000E-01 0.8100E-01 0.1550E+00 0.6390E+00 0.8240E+00 0.2120E+00 0.9900E-01 0.4200E-01 0.0000E+00 -0.9990E+03 -0.9990E+03 -0.9990E+03 -0.9990E+03 -0.9990E+03 -0.9990E+03 -0.9990E+03 -0.9990E+03 -0.9990E+03 -0.9990E+03 -0.9990E+03 -0.9990E+03 -0.9990E+03 -0.9990E+03 -0.9990E+03 -0.9990E+03 -0.9990E+03 -0.9990E+03 -0.9990E+03 -0.9990E+03 -0.9990E+03 -0.9990E+03 -0.9990E+03 -0.9990E+03 -0.9990E+03 -0.9990E+03 -0.9990E+03 -0.9990E+03 -0.9990E+03 -0.9990E+03 -0.9990E+03 -0.9990E+03 -0.9990E+03 -0.9990E+03 -0.9990E+03
0.0000E+00 0.0000E+00 0.0000E+00 0.0000E+00 0.0000E+00 0.0000E+00 0.0000E+00 0.0000E+00 0.0000E+00 0.0000E+00 0.0000E+00 0.0000E+00 0.3100E-01 0.8400E-01 0.1100E+00 0.7060E+00 0.5710E+00 0.2000E+00 0.9700E-01 0.2800E-01 0.0000E+00 0.0000E+00 0.0000E+00 -0.9990E+03 -0.9990E+03 -0.9990E+03 -0.9990E+03 -0.9990E+03 -0.9990E+03 -0.9990E+03 -0.9990E+03 -0.9990E+03 -0.9990E+03 -0.9990E+03 -0.9990E+03 -0.9990E+03 -0.9990E+03 -0.9990E+03 -0.9990E+03 -0.9990E+03 -0.9990E+03 -0.9990E+03 -0.9990E+03 -0.9990E+03 -0.9990E+03 -0.9990E+03 -0.9990E+03 -0.9990E+03 -0.9990E+03 -0.9990E+03 -0.9990E+03 -0.9990E+03 -0.9990E+03 -0.9990E+03 -0.9990E+03 -0.9990E+03
0.0000E+00 0.0000E+00 0.0000E+00 0.0000E+00 0.0000E+00 0.0000E+00 0.0000E+00 0.0000E+00 0.0000E+00 0.0000E+00 0.0000E+00 0.8000E-02 0.4500E-01 0.1010E+00 0.1270E+00 0.7760E+00 0.8900E+00 0.1860E+00 0.7900E-01 0.1900E-01 0.0000E+00 0.0000E+00 0.0000E+00 0.0000E+00 0.0000E+00 -0.9990E+03 -0.9990E+03 -0.9990E+03 -0.9990E+03 -0.9990E+03 -0.9990E+03 -0.9990E+03 -0.9990E+03 -0.9990E+03 -0.9990E+03 -0.9990E+03 -0.9990E+03 -0.9990E+03 -0.9990E+03 -0.9990E+03 -0.9990E+03 -0.9990E+03 -0.9990E+03 -0.9990E+03 -0.9990E+03 -0.9990E+03 -0.9990E+03 -0.9990E+03 -0.9990E+03 -0.9990E+03 -0.9990E+03 -0.9990E+03 -0.9990E+03 -0.9990E+03 -0.9990E+03 -0.9990E+03
0.0000E+00 0.0000E+00 0.0000E+00 0.0000E+00 0.0000E+00 0.0000E+00 0.0000E+00 0.0000E+00 0.0000E+00 0.4000E-02 0.1200E-01 0.2600E-01 0.7600E-01 0.1360E+00 0.2620E+00 0.1273E+01 0.3100E+00 0.1160E+00 0.5600E-01 0.1000E-01 0.0000E+00 0.0000E+00 0.0000E+00 0.0000E+00 0.0000E+00 0.0000E+00 -0.9990E+03 -0.9990E+03 -0.9990E+03 -0.9990E+03 -0.9990E+03 -0.9990E+03 -0.9990E+03 -0.9990E+03 -0.9990E+03 -0.9990E+03 -0.9990E+03 -0.9990E+03 -0.9990E+03 -0.9990E+03 -0.9990E+03 -0.9990E+03 -0.9990E+03 -0.9990E+03 -0.9990E+03 -0.9990E+03 -0.9990E+03 -0.9990E+03 -0.9990E+03 -0.9990E+03 -0.9990E+03 -0.9990E+03 -0.9990E+03 -0.9990E+03 -0.9990E+03 -0.9990E+03
0.0000E+00 0.0000E+00 0.0000E+00 0.0000E+00 0.0000E+00 0.0000E+00 0.0000E+00 0.1000E-02 0.6000E-02 0.1500E-01 0.2900E-01 0.5500E-01 0.1180E+00 0.1960E+00 0.3750E+00 0.1207E+01 0.2200E+00 0.8100E-01 0.3500E-01 0.5000E-02 0.0000E+00 0.0000E+00 0.0000E+00 0.0000E+00 0.0000E+00 0.0000E+00 0.0000E+00 -0.9990E+03 -0.9990E+03 -0.9990E+03 -0.9990E+03 -0.9990E+03 -0.9990E+03 -0.9990E+03 -0.9990E+03 -0.9990E+03 -0.9990E+03 -0.9990E+03 -0.9990E+03 -0.9990E+03 -0.9990E+03 -0.9990E+03 -0.9990E+03 -0.9990E+03 -0.9990E+03 -0.9990E+03 -0.9990E+03 -0.9990E+03 -0.9990E+03 -0.9990E+03 -0.9990E+03 -0.9990E+03 -0.9990E+03 -0.9990E+03 -0.9990E+03 -0.9990E+03
0.0000E+00 0.0000E+00 0.0000E+00 0.0000E+00 0.0000E+00 0.0000E+00 0.0000E+00 0.7000E-02 0.1600E-01 0.3200E-01 0.5800E-01 0.1080E+00 0.2190E+00 0.3020E+00 0.1350E+01 0.4730E+00 0.1190E+00 0.5200E-01 0.2400E-01 0.2000E-02 0.0000E+00 0.0000E+00 0.0000E+00 0.0000E+00 0.0000E+00 0.0000E+00 0.0000E+00 0.0000E+00 0.0000E+00 -0.9990E+03 -0.9990E+03 -0.9990E+03 -0.9990E+03 -0.9990E+03 -0.9990E+03 -0.9990E+03 -0.9990E+03 -0.9990E+03 -0.9990E+03 -0.9990E+03 -0.9990E+03 -0.9990E+03 -0.9990E+03 -0.9990E+03 -0.9990E+03 -0.9990E+03 -0.9990E+03 -0.9990E+03 -0.9990E+03 -0.9990E+03 -0.9990E+03 -0.9990E+03 -0.9990E+03 -0.9990E+03 -0.9990E+03 -0.9990E+03
0.0000E+00 0.0000E+00 0.0000E+00 0.0000E+00 0.0000E+00 0.8000E-02 0.1800E-01 0.3600E-01 0.4600E-01 0.9200E-01 0.1510E+00 0.2530E+00 0.7370E+00 0.1039E+01 0.2200E+00 0.1040E+00 0.5600E-01 0.2900E-01 0.1100E-01 0.0000E+00 0.0000E+00 0.0000E+00 0.0000E+00 0.0000E+00 0.0000E+00 0.0000E+00 0.0000E+00 0.0000E+00 0.0000E+00 0.0000E+00 -0.9990E+03 -0.9990E+03 -0.9990E+03 -0.9990E+03 -0.9990E+03 -0.9990E+03 -0.9990E+03 -0.9990E+03 -0.9990E+03 -0.9990E+03 -0.9990E+03 -0.9990E+03 -0.9990E+03 -0.9990E+03 -0.9990E+03 -0.9990E+03 -0.9990E+03 -0.9990E+03 -0.9990E+03 -0.9990E+03 -0.9990E+03 -0.9990E+03 -0.9990E+03 -0.9990E+03 -0.9990E+03 -0.9990E+03
0.0000E+00 0.0000E+00 0.0000E+00 0.0000E+00 0.1000E-01 0.2400E-01 0.4500E-01 0.8000E-01 0.1280E+00 0.1870E+00 0.4040E+00 0.1008E+01 0.4190E+00 0.1160E+00 0.7900E-01 0.4700E-01 0.2900E-01 0.1400E-01 0.3000E-02 0.0000E+00 0.0000E+00 0.0000E+00 0.0000E+00 0.0000E+00 0.0000E+00 0.0000E+00 0.0000E+00 0.0000E+00 0.0000E+00 0.0000E+00 0.0000E+00 -0.9990E+03 -0.9990E+03 -0.9990E+03 -0.9990E+03 -0.9990E+03 -0.9990E+03 -0.9990E+03 -0.9990E+03 -0.9990E+03 -0.9990E+03 -0.9990E+03 -0.9990E+03 -0.9990E+03 -0.9990E+03 -0.9990E+03 -0.9990E+03 -0.9990E+03 -0.9990E+03 -0.9990E+03 -0.9990E+03 -0.9990E+03 -0.9990E+03 -0.9990E+03 -0.9990E+03 -0.9990E+03
