Data/conc_no2_2018/rwc_no2_2018.asc
NCOLS          280
NROWS          320
XLLCORNER            0
YLLCORNER       300000
CELLSIZE         1000
NODATA_VALUE  -0.9990E+03
[rows 175 to 199 of 320, columns 56 to 111 of 280]
0.0000E+00 0.0000E+00 0.0000E+00 0.0000E+00 0.0000E+00 0.0000E+00 0.0000E+00 0.0000E+00 0.0000E+00 0.0000E+00 0.0000E+00 0.0000E+00 0.0000E+00 0.0000E+00 0.0000E+00 0.1700E-01 0.5300E-01 0.8500E-01 0.1560E+00 0.1280E+00 0.7600E-01 0.5500E-01 0.7300E-01 0.8000E-01 0.1390E+00 0.2360E+00 0.6120E+00 0.2550E+00 0.4310E+00 0.1038E+01 0.8847E+01 0.2210E+01 0.1092E+01 0.5860E+00 0.2170E+00 0.6000E-02 0.0000E+00 0.0000E+00 0.2000E-02 0.2400E-01 0.5800E-01 0.1290E+00 0.2240E+00 0.3910E+00 0.5360E+00 0.1392E+01 0.4985E+01 0.4521E+01 0.1232E+01 0.2620E+00 0.1680E+00 0.1130E+00 0.0000E+00 0.0000E+00 0.0000E+00 0.0000E+00
0.0000E+00 0.0000E+00 0.0000E+00 0.0000E+00 0.0000E+00 0.0000E+00 0.0000E+00 0.0000E+00 0.0000E+00 0.0000E+00 0.0000E+00 0.0000E+00 0.0000E+00 0.0000E+00 0.0000E+00 0.2000E-01 0.7800E-01 0.1810E+00 0.8760E+00 0.2670E+00 0.1290E+00 0.8000E-01 0.7400E-01 0.4700E-01 0.5700E-01 0.4900E-01 0.8900E-01 0.2580E+00 0.5800E+00 0.1222E+01 0.5181E+01 0.6699E+01 0.1625E+01 0.7790E+00 0.2990E+00 0.1070E+00 0.1260E+00 0.1980E+00 0.2440E+00 0.3270E+00 0.3580E+00 0.4090E+00 0.4770E+00 0.7620E+00 0.1244E+01 0.4884E+01 0.3588E+01 0.1152E+01 0.6010E+00 0.3000E+00 0.1660E+00 0.6800E-01 0.0000E+00 0.0000E+00 0.0000E+00 0.0000E+00
0.0000E+00 0.0000E+00 0.0000E+00 0.0000E+00 0.0000E+00 0.0000E+00 0.7000E-02 0.2700E-01 0.6200E-01 0.1160E+00 0.1650E+00 0.2010E+00 0.2060E+00 0.1830E+00 0.1240E+00 0.1020E+00 0.1260E+00 0.2680E+00 0.1566E+01 0.1671E+01 0.3440E+00 0.1800E+00 0.1170E+00 0.6100E-01 0.2200E-01 0.2800E-01 0.2900E-01 0.1790E+00 0.5480E+00 0.1064E+01 0.2296E+01 0.9981E+01 0.2086E+01 0.1006E+01 0.5760E+00 0.3600E+00 0.3420E+00 0.4490E+00 0.5470E+00 0.6520E+00 0.6550E+00 0.6700E+00 0.8770E+00 0.2648E+01 0.5699E+01 0.1633E+01 0.6100E+00 0.4790E+00 0.3150E+00 0.1990E+00 0.9500E-01 0.2400E-01 0.0000E+00 0.0000E+00 0.0000E+00 0.0000E+00
0.0000E+00 0.0000E+00 0.0000E+00 0.0000E+00 0.0000E+00 0.0000E+00 0.8000E-02 0.2900E-01 0.8200E-01 0.1950E+00 0.2730E+00 0.3700E+00 0.3900E+00 0.3690E+00 0.2910E+00 0.2150E+00 0.2020E+00 0.2700E+00 0.3990E+00 0.2334E+01 0.5590E+00 0.3230E+00 0.1880E+00 0.9500E-01 0.3200E-01 0.1100E-01 0.1800E-01 0.1410E+00 0.4760E+00 0.8840E+00 0.1834E+01 0.8294E+01 0.3719E+01 0.1391E+01 0.8060E+00 0.5700E+00 0.5560E+00 0.7690E+00 0.1058E+01 0.1407E+01 0.1335E+01 0.1601E+01 0.4695E+01 0.3553E+01 0.9450E+00 0.4780E+00 0.3270E+00 0.2370E+00 0.1540E+00 0.8500E-01 0.2600E-01 0.0000E+00 0.0000E+00 0.0000E+00 0.0000E+00 0.0000E+00
0.0000E+00 0.0000E+00 0.0000E+00 0.0000E+00 0.0000E+00 0.0000E+00 0.1100E-01 0.5400E-01 0.1530E+00 0.4010E+00 0.5110E+00 0.7710E+00 0.7990E+00 0.6600E+00 0.6150E+00 0.4100E+00 0.3110E+00 0.3190E+00 0.4790E+00 0.2410E+01 0.1743E+01 0.6360E+00 0.4240E+00 0.3680E+00 0.3250E+00 0.3360E+00 0.3310E+00 0.3560E+00 0.5490E+00 0.6980E+00 0.1288E+01 0.2159E+01 0.8533E+01 0.1786E+01 0.1218E+01 0.1074E+01 0.1153E+01 0.3068E+01 0.7483E+01 0.6966E+01 0.8271E+01 0.4742E+01 0.1013E+01 0.6910E+00 0.3470E+00 0.2700E+00 0.1810E+00 0.1080E+00 0.4900E-01 0.1700E-01 0.0000E+00 0.0000E+00 0.0000E+00 0.0000E+00 0.0000E+00 0.0000E+00
0.0000E+00 0.0000E+00 0.0000E+00 0.0000E+00 0.0000E+00 0.0000E+00 0.1800E-01 0.7600E-01 0.2410E+00 0.1630E+01 0.3185E+01 0.3911E+01 0.3702E+01 0.3598E+01 0.2145E+01 0.7680E+00 0.5180E+00 0.4030E+00 0.4180E+00 0.5440E+00 0.4107E+01 0.9850E+00 0.4110E+00 0.5580E+00 0.5250E+00 0.5070E+00 0.4940E+00 0.4730E+00 0.6720E+00 0.8160E+00 0.1286E+01 0.1270E+01 0.3742E+01 0.5034E+01 0.2782E+01 0.5871E+01 0.5675E+01 0.5337E+01 0.1759E+01 0.1847E+01 0.7476E+01 0.1446E+01 0.7190E+00 0.4670E+00 0.1920E+00 0.1180E+00 0.8000E-01 0.3900E-01 0.4000E-02 0.0000E+00 0.0000E+00 0.0000E+00 0.0000E+00 0.0000E+00 0.0000E+00 0.0000E+00
0.0000E+00 0.0000E+00 0.0000E+00 0.0000E+00 0.0000E+00 0.0000E+00 0.1900E-01 0.7700E-01 0.2080E+00 0.5030E+00 0.1713E+01 0.8620E+00 0.7820E+00 0.9450E+00 0.2663E+01 0.3527E+01 0.7570E+00 0.6310E+00 0.5790E+00 0.4920E+00 0.8730E+00 0.4022E+01 0.7490E+00 0.1145E+01 0.1079E+01 0.8120E+00 0.1016E+01 0.9480E+00 0.2186E+01 0.2256E+01 0.5705E+01 0.2390E+01 0.1768E+01 0.8253E+01 0.5409E+01 0.1042E+01 0.8080E+00 0.9200E+00 0.9660E+00 0.1536E+01 0.7438E+01 0.1307E+01 0.6450E+00 0.3920E+00 0.8300E-01 0.4000E-01 0.1400E-01 0.0000E+00 0.0000E+00 0.0000E+00 0.0000E+00 0.0000E+00 0.0000E+00 0.0000E+00 0.0000E+00 0.0000E+00
0.0000E+00 0.0000E+00 0.0000E+00 0.0000E+00 0.0000E+00 0.0000E+00 0.1700E-01 0.6600E-01 0.1200E+00 0.1660E+00 0.2500E+00 0.3580E+00 0.4350E+00 0.5380E+00 0.8540E+00 0.3309E+01 0.2608E+01 0.1023E+01 0.8010E+00 0.7430E+00 0.5190E+00 0.6630E+00 0.3983E+01 0.4646E+01 0.4537E+01 0.4090E+01 0.4805E+01 0.4713E+01 0.8608E+01 0.4824E+01 0.1328E+01 0.4241E+01 0.4593E+01 0.1225E+01 0.8760E+00 0.5480E+00 0.3990E+00 0.5720E+00 0.7330E+00 0.1330E+01 0.7585E+01 0.1399E+01 0.6520E+00 0.4040E+00 0.9800E-01 0.1000E-01 0.0000E+00 0.0000E+00 0.0000E+00 0.0000E+00 0.0000E+00 0.0000E+00 0.0000E+00 0.0000E+00 0.0000E+00 0.0000E+00
0.0000E+00 0.0000E+00 0.0000E+00 0.0000E+00 0.0000E+00 0.0000E+00 0.1300E-01 0.4300E-01 0.6000E-01 0.8000E-01 0.1040E+00 0.1590E+00 0.2740E+00 0.3580E+00 0.5250E+00 0.8860E+00 0.3143E+01 0.3137E+01 0.1279E+01 0.8790E+00 0.9280E+00 0.9080E+00 0.9700E+00 0.1058E+01 0.9180E+00 0.6120E+00 0.7720E+00 0.1085E+01 0.4446E+01 0.2551E+01 0.9550E+00 0.8130E+00 0.7590E+00 0.4760E+00 0.3870E+00 0.2910E+00 0.2190E+00 0.4150E+00 0.6230E+00 0.1324E+01 0.7954E+01 0.1353E+01 0.7180E+00 0.4520E+00 0.1510E+00 0.6000E-01 0.2000E-02 0.0000E+00 0.0000E+00 0.0000E+00 0.0000E+00 0.0000E+00 0.0000E+00 0.0000E+00 0.0000E+00 0.0000E+00
0.0000E+00 0.0000E+00 0.0000E+00 0.0000E+00 0.0000E+00 0.0000E+00 0.0000E+00 0.7000E-02 0.9000E-02 0.1200E-01 0.1300E-01 0.2800E-01 0.8200E-01 0.1490E+00 0.1700E+00 0.4960E+00 0.1015E+01 0.3468E+01 0.6396E+01 0.4118E+01 0.2350E+01 0.1054E+01 0.8140E+00 0.5960E+00 0.4910E+00 0.4140E+00 0.6210E+00 0.9340E+00 0.2146E+01 0.6003E+01 0.1570E+01 0.9030E+00 0.8190E+00 0.4310E+00 0.2440E+00 0.1340E+00 0.6900E-01 0.2220E+00 0.4010E+00 0.1480E+01 0.8978E+01 0.3458E+01 0.1379E+01 0.7210E+00 0.3290E+00 0.2020E+00 0.1600E-01 0.0000E+00 0.0000E+00 0.0000E+00 0.0000E+00 0.0000E+00 0.0000E+00 0.0000E+00 0.0000E+00 0.0000E+00
0.0000E+00 0.0000E+00 0.0000E+00 0.0000E+00 0.0000E+00 0.0000E+00 0.0000E+00 0.0000E+00 0.0000E+00 0.0000E+00 0.0000E+00 0.6000E-02 0.3700E-01 0.1070E+00 0.1330E+00 0.2810E+00 0.7940E+00 0.2230E+01 0.1315E+01 0.1241E+01 0.3478E+01 0.5371E+01 0.1044E+01 0.7440E+00 0.8890E+00 0.8970E+00 0.1062E+01 0.1347E+01 0.2069E+01 0.7140E+01 0.2157E+01 0.1555E+01 0.8970E+00 0.7880E+00 0.5340E+00 0.3610E+00 0.2950E+00 0.3800E+00 0.5370E+00 0.1241E+01 0.1947E+01 0.1012E+02 0.3515E+01 0.1244E+01 0.9260E+00 0.4820E+00 0.9200E-01 0.0000E+00 0.0000E+00 0.0000E+00 0.0000E+00 0.0000E+00 0.0000E+00 0.0000E+00 0.0000E+00 0.0000E+00
0.0000E+00 0.0000E+00 0.0000E+00 0.0000E+00 0.0000E+00 0.0000E+00 0.0000E+00 0.6000E-02 0.1500E-01 0.2700E-01 0.3900E-01 0.5400E-01 0.6900E-01 0.1230E+00 0.2150E+00 0.3920E+00 0.1506E+01 0.6610E+00 0.5240E+00 0.7560E+00 0.1053E+01 0.5580E+01 0.1311E+01 0.7800E+00 0.8160E+00 0.8120E+00 0.1180E+01 0.1699E+01 0.2201E+01 0.6808E+01 0.2288E+01 0.2631E+01 0.1597E+01 0.1368E+01 0.1184E+01 0.7040E+00 0.6290E+00 0.7410E+00 0.8730E+00 0.1210E+01 0.1599E+01 0.2365E+01 0.9468E+01 0.2829E+01 0.1450E+01 0.6910E+00 0.4460E+00 0.3330E+00 0.2470E+00 0.1500E+00 0.9100E-01 0.4900E-01 0.1000E-01 0.0000E+00 0.0000E+00 0.0000E+00
0.0000E+00 0.0000E+00 0.0000E+00 0.0000E+00 0.1000E-02 0.9000E-02 0.1700E-01 0.1900E-01 0.2900E-01 0.7100E-01 0.9200E-01 0.1080E+00 0.1180E+00 0.1550E+00 0.2890E+00 0.4690E+00 0.1455E+01 0.3900E+00 0.4230E+00 0.5480E+00 0.8460E+00 0.5461E+01 0.1526E+01 0.1482E+01 0.1716E+01 0.1464E+01 0.4388E+01 0.6702E+01 0.7703E+01 0.1096E+02 0.1268E+02 0.1096E+02 0.5032E+01 0.1979E+01 0.1826E+01 0.1164E+01 0.1092E+01 0.1510E+01 0.1803E+01 0.1704E+01 0.1868E+01 0.3198E+01 0.1530E+02 0.5673E+01 0.1715E+01 0.9560E+00 0.7020E+00 0.7130E+00 0.5600E+00 0.4190E+00 0.2970E+00 0.1690E+00 0.8900E-01 0.3500E-01 0.0000E+00 0.0000E+00
0.0000E+00 0.0000E+00 0.0000E+00 0.3000E-02 0.1800E-01 0.3300E-01 0.5600E-01 0.6800E-01 0.8200E-01 0.1400E+00 0.2000E+00 0.2330E+00 0.2290E+00 0.2780E+00 0.1092E+01 0.1350E+01 0.2910E+00 0.1480E+00 0.2110E+00 0.3270E+00 0.6400E+00 0.2482E+01 0.6718E+01 0.7542E+01 0.8072E+01 0.9673E+01 0.4100E+01 0.1210E+01 0.1353E+01 0.1682E+01 0.2322E+01 0.2225E+01 0.7728E+01 0.1225E+02 0.1201E+02 0.2312E+01 0.2189E+01 0.7943E+01 0.1150E+02 0.6257E+01 0.4180E+01 0.1347E+02 0.1358E+02 0.1520E+02 0.2611E+01 0.1614E+01 0.1336E+01 0.1293E+01 0.9680E+00 0.6960E+00 0.6320E+00 0.4420E+00 0.3130E+00 0.2040E+00 0.1080E+00 0.4700E-01
0.0000E+00 0.0000E+00 0.1000E-02 0.1600E-01 0.3900E-01 0.7100E-01 0.1170E+00 0.1830E+00 0.2140E+00 0.2990E+00 0.1079E+01 0.1057E+01 0.9760E+00 0.8540E+00 0.3680E+00 0.2310E+00 0.1220E+00 0.6900E-01 0.1150E+00 0.2040E+00 0.3910E+00 0.7360E+00 0.1387E+01 0.1071E+01 0.1052E+01 0.1015E+01 0.1101E+01 0.6920E+00 0.6320E+00 0.7620E+00 0.7670E+00 0.9890E+00 0.1361E+01 0.1994E+01 0.4337E+01 0.1216E+02 0.1064E+02 0.4570E+01 0.4675E+01 0.5523E+01 0.8418E+01 0.2330E+01 0.2980E+01 0.6434E+01 0.1354E+02 0.5957E+01 0.5545E+01 0.6785E+01 0.5518E+01 0.2761E+01 0.1277E+01 0.9020E+00 0.7040E+00 0.5960E+00 0.4560E+00 0.3270E+00
0.2200E-01 0.2600E-01 0.3100E-01 0.4800E-01 0.7500E-01 0.1230E+00 0.2320E+00 0.5220E+00 0.1185E+01 0.1159E+01 0.3110E+00 0.2300E+00 0.1990E+00 0.1390E+00 0.7500E-01 0.9000E-01 0.6100E-01 0.3800E-01 0.6000E-01 0.1260E+00 0.2130E+00 0.4150E+00 0.6380E+00 0.7240E+00 0.4710E+00 0.3970E+00 0.4010E+00 0.5270E+00 0.4040E+00 0.5180E+00 0.5510E+00 0.7950E+00 0.7990E+00 0.1261E+01 0.1675E+01 0.2351E+01 0.1920E+01 0.1524E+01 0.4399E+01 0.2274E+01 0.1406E+01 0.1169E+01 0.1806E+01 0.2617E+01 0.7441E+01 0.7480E+01 0.2417E+01 0.1662E+01 0.1536E+01 0.5077E+01 0.5265E+01 0.1733E+01 0.1532E+01 0.1079E+01 0.8370E+00 0.6500E+00
0.5900E-01 0.7000E-01 0.8100E-01 0.9400E-01 0.1290E+00 0.2320E+00 0.6580E+00 0.1426E+01 0.3670E+00 0.2160E+00 0.1400E+00 0.1000E+00 0.5300E-01 0.4300E-01 0.3500E-01 0.3100E-01 0.2800E-01 0.1700E-01 0.1700E-01 0.6000E-01 0.1300E+00 0.2330E+00 0.3680E+00 0.4220E+00 0.2550E+00 0.1830E+00 0.1360E+00 0.9300E-01 0.6200E-01 0.5600E-01 0.1460E+00 0.2700E+00 0.4480E+00 0.5820E+00 0.8580E+00 0.1183E+01 0.1299E+01 0.1629E+01 0.5082E+01 0.1743E+01 0.9510E+00 0.9480E+00 0.1088E+01 0.1604E+01 0.2817E+01 0.1181E+02 0.2137E+01 0.1225E+01 0.1142E+01 0.1368E+01 0.3256E+01 0.6526E+01 0.5932E+01 0.1945E+01 0.1758E+01 0.1188E+01
0.1450E+00 0.1780E+00 0.1570E+00 0.1310E+00 0.1640E+00 0.4120E+00 0.1507E+01 0.3810E+00 0.1950E+00 0.1290E+00 0.8500E-01 0.5400E-01 0.3000E-01 0.2000E-01 0.1300E-01 0.1000E-01 0.4000E-02 0.1000E-02 0.0000E+00 0.0000E+00 0.0000E+00 0.0000E+00 0.0000E+00 0.0000E+00 0.0000E+00 0.0000E+00 0.0000E+00 0.0000E+00 0.0000E+00 0.0000E+00 0.0000E+00 0.1200E-01 0.1280E+00 0.2500E+00 0.3940E+00 0.6910E+00 0.9670E+00 0.1621E+01 0.5139E+01 0.1012E+01 0.4690E+00 0.3540E+00 0.3820E+00 0.8740E+00 0.1637E+01 0.5067E+01 0.8349E+01 0.1499E+01 0.9680E+00 0.9840E+00 0.8490E+00 0.1268E+01 0.5332E+01 0.7481E+01 0.7727E+01 0.3122E+01
0.8010E+00 0.9350E+00 0.5760E+00 0.2520E+00 0.3180E+00 0.1332E+01 0.2720E+00 0.1830E+00 0.1110E+00 0.6800E-01 0.3400E-01 0.1400E-01 0.6000E-02 0.0000E+00 0.0000E+00 0.0000E+00 0.0000E+00 0.0000E+00 0.0000E+00 0.0000E+00 0.0000E+00 0.0000E+00 0.0000E+00 0.0000E+00 0.0000E+00 0.0000E+00 0.0000E+00 0.0000E+00 0.0000E+00 0.0000E+00 0.1100E-01 0.2400E-01 0.5100E-01 0.9900E-01 0.3330E+00 0.5990E+00 0.8360E+00 0.3944E+01 0.3263E+01 0.6300E+00 0.2710E+00 0.1450E+00 0.2160E+00 0.5080E+00 0.8930E+00 0.1565E+01 0.9132E+01 0.1643E+01 0.9330E+00 0.8480E+00 0.7080E+00 0.1979E+01 0.3368E+01 0.1552E+01 0.1368E+01 0.3564E+01
0.4380E+00 0.2230E+00 0.5210E+00 0.1079E+01 0.1160E+01 0.3530E+00 0.1520E+00 0.8900E-01 0.5700E-01 0.3000E-01 0.1100E-01 0.0000E+00 0.0000E+00 0.0000E+00 0.0000E+00 0.0000E+00 0.0000E+00 0.0000E+00 0.0000E+00 0.0000E+00 0.0000E+00 0.0000E+00 0.0000E+00 0.0000E+00 0.0000E+00 0.0000E+00 0.0000E+00 0.0000E+00 0.0000E+00 0.2200E-01 0.5800E-01 0.7200E-01 0.1340E+00 0.2340E+00 0.5930E+00 0.1163E+01 0.3904E+01 0.3432E+01 0.8210E+00 0.2880E+00 0.1860E+00 0.8100E-01 0.1060E+00 0.3220E+00 0.4400E+00 0.9420E+00 0.5901E+01 0.7398E+01 0.1338E+01 0.8040E+00 0.7290E+00 0.1083E+01 0.3205E+01 0.7750E+00 0.7510E+00 0.7830E+00
0.1620E+00 0.1270E+00 0.1650E+00 0.1920E+00 0.1480E+00 0.9400E-01 0.7000E-01 0.4000E-01 0.2200E-01 0.9000E-02 0.0000E+00 0.0000E+00 0.0000E+00 0.0000E+00 0.0000E+00 0.0000E+00 0.0000E+00 0.0000E+00 0.0000E+00 0.0000E+00 0.0000E+00 0.0000E+00 0.0000E+00 0.0000E+00 0.0000E+00 0.0000E+00 0.0000E+00 0.0000E+00 0.0000E+00 0.5000E-01 0.1120E+00 0.2250E+00 0.4120E+00 0.7460E+00 0.1263E+01 0.4188E+01 0.2113E+01 0.7980E+00 0.4100E+00 0.2150E+00 0.1110E+00 0.3600E-01 0.1400E-01 0.1770E+00 0.3230E+00 0.6240E+00 0.1050E+01 0.2272E+01 0.5982E+01 0.1073E+01 0.8350E+00 0.3322E+01 0.8050E+00 0.4880E+00 0.4260E+00 0.3630E+00
0.8900E-01 0.8100E-01 0.8700E-01 0.8300E-01 0.5700E-01 0.5100E-01 0.3200E-01 0.1700E-01 0.7000E-02 0.0000E+00 0.0000E+00 0.0000E+00 0.0000E+00 0.0000E+00 0.0000E+00 0.0000E+00 0.0000E+00 0.0000E+00 0.0000E+00 0.0000E+00 0.0000E+00 0.0000E+00 0.0000E+00 0.0000E+00 0.0000E+00 0.0000E+00 0.0000E+00 0.0000E+00 0.0000E+00 0.8300E-01 0.1760E+00 0.3940E+00 0.9130E+00 0.3325E+01 0.3922E+01 0.1028E+01 0.3460E+00 0.2690E+00 0.2220E+00 0.1280E+00 0.6000E-01 0.1300E-01 0.0000E+00 0.8300E-01 0.1850E+00 0.4800E+00 0.7120E+00 0.1259E+01 0.6587E+01 0.1490E+01 0.3249E+01 0.1951E+01 0.3090E+00 0.1720E+00 0.1580E+00 0.1470E+00
0.4200E-01 0.3900E-01 0.3700E-01 0.3200E-01 0.2700E-01 0.2000E-01 0.1400E-01 0.6000E-02 0.1000E-02 0.0000E+00 0.0000E+00 0.0000E+00 0.0000E+00 0.0000E+00 0.0000E+00 0.0000E+00 0.0000E+00 0.0000E+00 0.0000E+00 0.0000E+00 0.0000E+00 0.0000E+00 0.0000E+00 0.0000E+00 0.0000E+00 0.0000E+00 0.0000E+00 0.0000E+00 0.0000E+00 0.1190E+00 0.2550E+00 0.6550E+00 0.3763E+01 0.1892E+01 0.8990E+00 0.4270E+00 0.2550E+00 0.1850E+00 0.1070E+00 0.5300E-01 0.1700E-01 0.0000E+00 0.0000E+00 0.2400E-01 0.1520E+00 0.3750E+00 0.6670E+00 0.1221E+01 0.5807E+01 0.3132E+01 0.8780E+00 0.4840E+00 0.1760E+00 0.9400E-01 0.4700E-01 0.1300E-01
0.1400E-01 0.7000E-02 0.3000E-02 0.0000E+00 0.0000E+00 0.0000E+00 0.0000E+00 0.0000E+00 0.0000E+00 0.0000E+00 0.0000E+00 0.0000E+00 0.0000E+00 0.0000E+00 0.0000E+00 0.0000E+00 0.0000E+00 0.0000E+00 0.0000E+00 0.0000E+00 0.0000E+00 0.0000E+00 0.0000E+00 0.0000E+00 0.0000E+00 0.0000E+00 0.0000E+00 0.0000E+00 0.1800E-01 0.1640E+00 0.3300E+00 0.7990E+00 0.3882E+01 0.9080E+00 0.4730E+00 0.3190E+00 0.1360E+00 0.7400E-01 0.3400E-01 0.7000E-02 0.0000E+00 0.0000E+00 0.0000E+00 0.0000E+00 0.1700E+00 0.3220E+00 0.6240E+00 0.1206E+01 0.7263E+01 0.2389E+01 0.6520E+00 0.3670E+00 0.1000E+00 0.5200E-01 0.2500E-01 0.0000E+00
0.0000E+00 0.0000E+00 0.0000E+00 0.0000E+00 0.0000E+00 0.0000E+00 0.0000E+00 0.0000E+00 0.0000E+00 0.0000E+00 0.0000E+00 0.0000E+00 0.0000E+00 0.0000E+00 0.0000E+00 0.0000E+00 0.0000E+00 0.0000E+00 0.0000E+00 0.0000E+00 0.0000E+00 0.0000E+00 0.0000E+00 0.0000E+00 0.0000E+00 0.0000E+00 0.0000E+00 0.0000E+00 0.4200E-01 0.2060E+00 0.3950E+00 0.8570E+00 0.3774E+01 0.5780E+00 0.2400E+00 0.2030E+00 0.5100E-01 0.2100E-01 0.0000E+00 0.0000E+00 0.0000E+00 0.0000E+00 0.0000E+00 0.0000E+00 0.2670E+00 0.5990E+00 0.1264E+01 0.4297E+01 0.8511E+01 0.1115E+01 0.6710E+00 0.2530E+00 0.4900E-01 0.2200E-01 0.7000E-02 0.0000E+00
