Data/conc_no2_2018/rwc_no2_2018.asc
NCOLS          280
NROWS          320
XLLCORNER            0
YLLCORNER       300000
CELLSIZE         1000
NODATA_VALUE  -0.9990E+03
[rows 25 to 49 of 320, columns 224 to 279 of 280]
0.0000E+00 0.0000E+00 0.0000E+00 0.0000E+00 0.0000E+00 0.0000E+00 0.0000E+00 0.0000E+00 0.0000E+00 0.0000E+00 0.0000E+00 0.0000E+00 0.0000E+00 0.0000E+00 0.0000E+00 0.0000E+00 0.0000E+00 0.0000E+00 0.0000E+00 0.0000E+00 0.0000E+00 0.0000E+00 0.0000E+00 0.0000E+00 0.0000E+00 0.3000E-02 0.2400E-01 0.5900E-01 0.1000E+00 0.3560E+00 0.5310E+00 0.8200E-01 0.3300E-01 0.1500E-01 0.0000E+00 0.0000E+00 0.0000E+00 0.0000E+00 0.0000E+00 0.0000E+00 0.0000E+00 0.0000E+00 0.0000E+00 0.0000E+00 0.0000E+00 0.0000E+00 0.0000E+00 0.0000E+00 0.0000E+00 0.0000E+00 0.0000E+00 0.0000E+00 -0.9990E+03 -0.9990E+03 -0.9990E+03 -0.9990E+03
0.0000E+00 0.0000E+00 0.0000E+00 0.0000E+00 0.0000E+00 0.0000E+00 0.0000E+00 0.0000E+00 0.0000E+00 0.0000E+00 0.0000E+00 0.0000E+00 0.0000E+00 0.0000E+00 0.0000E+00 0.0000E+00 0.0000E+00 0.0000E+00 0.0000E+00 0.0000E+00 0.0000E+00 0.0000E+00 0.0000E+00 0.0000E+00 0.0000E+00 0.9000E-02 0.2900E-01 0.5500E-01 0.5600E-01 0.1040E+00 0.6950E+00 0.9500E-01 0.3700E-01 0.1400E-01 0.0000E+00 0.0000E+00 0.0000E+00 0.0000E+00 0.0000E+00 0.0000E+00 0.0000E+00 0.0000E+00 0.0000E+00 0.0000E+00 0.0000E+00 0.0000E+00 0.0000E+00 0.0000E+00 0.0000E+00 0.0000E+00 0.0000E+00 0.0000E+00 -0.9990E+03 -0.9990E+03 -0.9990E+03 -0.9990E+03
0.0000E+00 0.0000E+00 0.0000E+00 0.0000E+00 0.0000E+00 0.0000E+00 0.0000E+00 0.0000E+00 0.0000E+00 0.0000E+00 0.0000E+00 0.0000E+00 0.0000E+00 0.0000E+00 0.0000E+00 0.0000E+00 0.0000E+00 0.0000E+00 0.0000E+00 0.0000E+00 0.0000E+00 0.0000E+00 0.0000E+00 0.0000E+00 0.0000E+00 0.1400E-01 0.3900E-01 0.8800E-01 0.1190E+00 0.1890E+00 0.7850E+00 0.1380E+00 0.4800E-01 0.1700E-01 0.0000E+00 0.0000E+00 0.0000E+00 0.0000E+00 0.0000E+00 0.0000E+00 0.0000E+00 0.0000E+00 0.0000E+00 0.0000E+00 0.0000E+00 0.0000E+00 0.0000E+00 0.0000E+00 0.0000E+00 0.0000E+00 0.0000E+00 0.0000E+00 -0.9990E+03 -0.9990E+03 -0.9990E+03 -0.9990E+03
0.0000E+00 0.0000E+00 0.0000E+00 0.0000E+00 0.0000E+00 0.0000E+00 0.0000E+00 0.0000E+00 0.0000E+00 0.0000E+00 0.0000E+00 0.0000E+00 0.0000E+00 0.0000E+00 0.0000E+00 0.0000E+00 0.0000E+00 0.0000E+00 0.0000E+00 0.0000E+00 0.0000E+00 0.0000E+00 0.0000E+00 0.0000E+00 0.0000E+00 0.1700E-01 0.4600E-01 0.1310E+00 0.5240E+00 0.6080E+00 0.5320E+00 0.1150E+00 0.4700E-01 0.1900E-01 0.0000E+00 0.0000E+00 0.0000E+00 0.0000E+00 0.0000E+00 0.0000E+00 0.0000E+00 0.0000E+00 0.0000E+00 0.0000E+00 0.0000E+00 0.0000E+00 0.0000E+00 0.0000E+00 0.0000E+00 0.0000E+00 0.0000E+00 0.0000E+00 -0.9990E+03 -0.9990E+03 -0.9990E+03 -0.9990E+03
0.0000E+00 0.0000E+00 0.0000E+00 0.0000E+00 0.0000E+00 0.0000E+00 0.0000E+00 0.0000E+00 0.0000E+00 0.0000E+00 0.0000E+00 0.0000E+00 0.0000E+00 0.0000E+00 0.0000E+00 0.0000E+00 0.0000E+00 0.0000E+00 0.0000E+00 0.0000E+00 0.0000E+00 0.0000E+00 0.0000E+00 0.0000E+00 0.0000E+00 0.1900E-01 0.4900E-01 0.1570E+00 0.7840E+00 0.2490E+00 0.1650E+00 0.9400E-01 0.4700E-01 0.2100E-01 0.0000E+00 0.0000E+00 0.0000E+00 0.0000E+00 0.0000E+00 0.0000E+00 0.0000E+00 0.0000E+00 0.0000E+00 0.0000E+00 0.0000E+00 0.0000E+00 0.0000E+00 0.0000E+00 0.0000E+00 0.0000E+00 0.0000E+00 0.0000E+00 -0.9990E+03 -0.9990E+03 -0.9990E+03 -0.9990E+03
0.0000E+00 0.0000E+00 0.0000E+00 0.0000E+00 0.0000E+00 0.0000E+00 0.0000E+00 0.0000E+00 0.0000E+00 0.0000E+00 0.0000E+00 0.0000E+00 0.0000E+00 0.0000E+00 0.0000E+00 0.0000E+00 0.0000E+00 0.0000E+00 0.0000E+00 0.0000E+00 0.0000E+00 0.0000E+00 0.0000E+00 0.0000E+00 0.0000E+00 0.1700E-01 0.4700E-01 0.1270E+00 0.4310E+00 0.6780E+00 0.1830E+00 0.1070E+00 0.4900E-01 0.2600E-01 0.0000E+00 0.0000E+00 0.0000E+00 0.0000E+00 0.0000E+00 0.0000E+00 0.0000E+00 0.0000E+00 0.0000E+00 0.0000E+00 0.0000E+00 0.0000E+00 0.0000E+00 0.0000E+00 0.0000E+00 0.0000E+00 0.0000E+00 0.0000E+00 0.0000E+00 -0.9990E+03 -0.9990E+03 -0.9990E+03
0.0000E+00 0.0000E+00 0.0000E+00 0.0000E+00 0.0000E+00 0.0000E+00 0.0000E+00 0.0000E+00 0.0000E+00 0.0000E+00 0.0000E+00 0.0000E+00 0.0000E+00 0.0000E+00 0.0000E+00 0.0000E+00 0.0000E+00 0.0000E+00 0.0000E+00 0.0000E+00 0.0000E+00 0.0000E+00 0.0000E+00 0.0000E+00 0.0000E+00 0.1300E-01 0.3730E-01 0.8850E-01 0.1370E+00 0.5510E+00 0.5300E+00 0.1320E+00 0.6000E-01 0.2700E-01 0.0000E+00 0.0000E+00 0.0000E+00 0.0000E+00 0.0000E+00 0.0000E+00 0.0000E+00 0.0000E+00 0.0000E+00 0.0000E+00 0.0000E+00 0.0000E+00 0.0000E+00 0.0000E+00 0.0000E+00 0.0000E+00 0.0000E+00 0.0000E+00 0.0000E+00 -0.9990E+03 -0.9990E+03 -0.9990E+03
0.0000E+00 0.0000E+00 0.0000E+00 0.0000E+00 0.0000E+00 0.0000E+00 0.0000E+00 0.0000E+00 0.0000E+00 0.0000E+00 0.0000E+00 0.0000E+00 0.0000E+00 0.0000E+00 0.0000E+00 0.0000E+00 0.0000E+00 0.0000E+00 0.0000E+00 0.0000E+00 0.0000E+00 0.0000E+00 0.0000E+00 0.0000E+00 0.0000E+00 0.8000E-02 0.2100E-01 0.6300E-01 0.1030E+00 0.1960E+00 0.8540E+00 0.1560E+00 0.6100E-01 0.2900E-01 0.0000E+00 0.0000E+00 0.0000E+00 0.0000E+00 0.0000E+00 0.0000E+00 0.0000E+00 0.0000E+00 0.0000E+00 0.0000E+00 0.0000E+00 0.0000E+00 0.0000E+00 0.0000E+00 0.0000E+00 0.0000E+00 0.0000E+00 0.0000E+00 0.0000E+00 -0.9990E+03 -0.9990E+03 -0.9990E+03
0.0000E+00 0.0000E+00 0.0000E+00 0.0000E+00 0.0000E+00 0.0000E+00 0.0000E+00 0.0000E+00 0.0000E+00 0.0000E+00 0.0000E+00 0.0000E+00 0.0000E+00 0.0000E+00 0.0000E+00 0.0000E+00 0.0000E+00 0.0000E+00 0.0000E+00 0.0000E+00 0.0000E+00 0.0000E+00 0.0000E+00 0.0000E+00 0.0000E+00 0.2000E-02 0.1000E-01 0.5300E-01 0.8400E-01 0.1580E+00 0.8600E+00 0.1570E+00 0.6400E-01 0.3000E-01 0.0000E+00 0.0000E+00 0.0000E+00 0.0000E+00 0.0000E+00 0.0000E+00 0.0000E+00 0.0000E+00 0.0000E+00 0.0000E+00 0.0000E+00 0.0000E+00 0.0000E+00 0.0000E+00 0.0000E+00 0.0000E+00 0.0000E+00 0.0000E+00 0.0000E+00 -0.9990E+03 -0.9990E+03 -0.9990E+03
0.0000E+00 0.0000E+00 0.0000E+00 0.0000E+00 0.0000E+00 0.0000E+00 0.0000E+00 0.0000E+00 0.0000E+00 0.3000E-02 0.1000E-01 0.1200E-01 0.1600E-01 0.2600E-01 0.2800E-01 0.2100E-01 0.1300E-01 0.0000E+00 0.0000E+00 0.0000E+00 0.0000E+00 0.0000E+00 0.0000E+00 0.0000E+00 0.0000E+00 0.0000E+00 0.3000E-02 0.4500E-01 0.6700E-01 0.1050E+00 0.7390E+00 0.1460E+00 0.6200E-01 0.3300E-01 0.0000E+00 0.0000E+00 0.0000E+00 0.0000E+00 0.0000E+00 0.0000E+00 0.0000E+00 0.0000E+00 0.0000E+00 0.0000E+00 0.0000E+00 0.0000E+00 0.0000E+00 0.0000E+00 0.0000E+00 0.0000E+00 0.0000E+00 0.0000E+00 0.0000E+00 -0.9990E+03 -0.9990E+03 -0.9990E+03
0.0000E+00 0.0000E+00 0.0000E+00 0.0000E+00 0.0000E+00 0.0000E+00 0.0000E+00 0.0000E+00 0.1500E-01 0.3200E-01 0.6600E-01 0.9300E-01 0.1240E+00 0.1180E+00 0.1180E+00 0.7300E-01 0.3700E-01 0.0000E+00 0.0000E+00 0.0000E+00 0.0000E+00 0.0000E+00 0.0000E+00 0.0000E+00 0.0000E+00 0.0000E+00 0.0000E+00 0.4000E-01 0.6100E-01 0.1330E+00 0.6530E+00 0.1390E+00 0.6300E-01 0.3700E-01 0.2000E-02 0.0000E+00 0.0000E+00 0.0000E+00 0.0000E+00 0.0000E+00 0.0000E+00 0.0000E+00 0.0000E+00 0.0000E+00 0.0000E+00 0.0000E+00 0.0000E+00 0.0000E+00 0.0000E+00 0.0000E+00 0.0000E+00 0.0000E+00 0.0000E+00 -0.9990E+03 -0.9990E+03 -0.9990E+03
0.2000E-01 0.5800E-01 0.8800E-01 0.1170E+00 0.1340E+00 0.8700E-01 0.8500E-01 0.6900E-01 0.7700E-01 0.1040E+00 0.1730E+00 0.2420E+00 0.3040E+00 0.3320E+00 0.3250E+00 0.2210E+00 0.1600E+00 0.9000E-01 0.5300E-01 0.4000E-01 0.1800E-01 0.0000E+00 0.0000E+00 0.0000E+00 0.0000E+00 0.0000E+00 0.0000E+00 0.3400E-01 0.6500E-01 0.1340E+00 0.6150E+00 0.1390E+00 0.6100E-01 0.4100E-01 0.7000E-02 0.0000E+00 0.0000E+00 0.0000E+00 0.0000E+00 0.0000E+00 0.0000E+00 0.0000E+00 0.0000E+00 0.0000E+00 0.0000E+00 0.0000E+00 0.0000E+00 0.0000E+00 0.0000E+00 0.0000E+00 0.0000E+00 0.0000E+00 0.0000E+00 0.0000E+00 -0.9990E+03 -0.9990E+03
0.2960E+00 0.3440E+00 0.4220E+00 0.4510E+00 0.4400E+00 0.3340E+00 0.2180E+00 0.1870E+00 0.2050E+00 0.2470E+00 0.3330E+00 0.5510E+00 0.1180E+01 0.1862E+01 0.5610E+00 0.4170E+00 0.3530E+00 0.2850E+00 0.2180E+00 0.1580E+00 0.1030E+00 0.5900E-01 0.1300E-01 0.0000E+00 0.0000E+00 0.0000E+00 0.0000E+00 0.2800E-01 0.6300E-01 0.1430E+00 0.6810E+00 0.1570E+00 0.9000E-01 0.7400E-01 0.5200E-01 0.5000E-01 0.5600E-01 0.4900E-01 0.3800E-01 0.1800E-01 0.0000E+00 0.0000E+00 0.0000E+00 0.0000E+00 0.0000E+00 0.0000E+00 0.0000E+00 0.0000E+00 0.0000E+00 0.0000E+00 0.0000E+00 0.0000E+00 0.0000E+00 0.0000E+00 -0.9990E+03 -0.9990E+03
0.6020E+00 0.6500E+00 0.7060E+00 0.9070E+00 0.7120E+00 0.4620E+00 0.4630E+00 0.3230E+00 0.3420E+00 0.5190E+00 0.8510E+00 0.2978E+01 0.2682E+01 0.3565E+01 0.9420E+00 0.6580E+00 0.6510E+00 0.6240E+00 0.2930E+00 0.3190E+00 0.2310E+00 0.1500E+00 0.7200E-01 0.2200E-01 0.0000E+00 0.0000E+00 0.0000E+00 0.2200E-01 0.5600E-01 0.1280E+00 0.5610E+00 0.3510E+00 0.1680E+00 0.1530E+00 0.1720E+00 0.1790E+00 0.2150E+00 0.1780E+00 0.1160E+00 0.6400E-01 0.2800E-01 0.1000E-02 0.0000E+00 0.0000E+00 0.0000E+00 0.0000E+00 0.0000E+00 0.2000E-02 0.1300E-01 0.2200E-01 0.3500E-01 0.4700E-01 0.5000E-01 0.4600E-01 -0.9990E+03 -0.9990E+03
0.1279E+01 0.1181E+01 0.1414E+01 0.3290E+01 0.4110E+01 0.2444E+01 0.8280E+00 0.6220E+00 0.7900E+00 0.3448E+01 0.3345E+01 0.1388E+01 0.1534E+01 0.2032E+01 0.3921E+01 0.1068E+01 0.2549E+01 0.2838E+01 0.9150E+00 0.6700E+00 0.4410E+00 0.2810E+00 0.1600E+00 0.7900E-01 0.2600E-01 0.0000E+00 0.0000E+00 0.1500E-01 0.5900E-01 0.1170E+00 0.2240E+00 0.8230E+00 0.3070E+00 0.3040E+00 0.3780E+00 0.4970E+00 0.5130E+00 0.3520E+00 0.2060E+00 0.1180E+00 0.6100E-01 0.2200E-01 0.0000E+00 0.0000E+00 0.0000E+00 0.0000E+00 0.8000E-02 0.2400E-01 0.4700E-01 0.7200E-01 0.1040E+00 0.1180E+00 0.1160E+00 0.9400E-01 -0.9990E+03 -0.9990E+03
0.4561E+01 0.4340E+01 0.4725E+01 0.2415E+01 0.9240E+00 0.1596E+01 0.3641E+01 0.2875E+01 0.2894E+01 0.2627E+01 0.7270E+00 0.5190E+00 0.5310E+00 0.6380E+00 0.9240E+00 0.3381E+01 0.1465E+01 0.1023E+01 0.4084E+01 0.2213E+01 0.8150E+00 0.4590E+00 0.2820E+00 0.1940E+00 0.1580E+00 0.1610E+00 0.1740E+00 0.1980E+00 0.2520E+00 0.2690E+00 0.2780E+00 0.9830E+00 0.4800E+00 0.5320E+00 0.8100E+00 0.1994E+01 0.2260E+01 0.7280E+00 0.4120E+00 0.1820E+00 0.1720E+00 0.1295E+00 0.7800E-01 0.3800E-01 0.8000E-02 0.1000E-01 0.2900E-01 0.5900E-01 0.1010E+00 0.1460E+00 0.2330E+00 0.3020E+00 0.2570E+00 0.2110E+00 -0.9990E+03 -0.9990E+03
0.8450E+00 0.8650E+00 0.7790E+00 0.5890E+00 0.4540E+00 0.4750E+00 0.5330E+00 0.5180E+00 0.5620E+00 0.2125E+01 0.2058E+01 0.6840E+00 0.5510E+00 0.4490E+00 0.4500E+00 0.4800E+00 0.4340E+00 0.4340E+00 0.8220E+00 0.3066E+01 0.2816E+01 0.6630E+00 0.4190E+00 0.2670E+00 0.2360E+00 0.2570E+00 0.2950E+00 0.3190E+00 0.3850E+00 0.4310E+00 0.5590E+00 0.1317E+01 0.8470E+00 0.1210E+01 0.3161E+01 0.1451E+01 0.1171E+01 0.2963E+01 0.7590E+00 0.4210E+00 0.2940E+00 0.2390E+00 0.1780E+00 0.1100E+00 0.6200E-01 0.6700E-01 0.8200E-01 0.1290E+00 0.2040E+00 0.3510E+00 0.6680E+00 0.1523E+01 0.1022E+01 0.1054E+01 0.1250E+00 -0.9990E+03
0.4340E+00 0.3900E+00 0.3390E+00 0.3020E+00 0.2580E+00 0.2390E+00 0.2420E+00 0.2640E+00 0.3550E+00 0.7390E+00 0.3288E+01 0.2101E+01 0.4530E+00 0.2760E+00 0.2690E+00 0.2500E+00 0.2450E+00 0.2620E+00 0.4120E+00 0.6840E+00 0.2357E+01 0.3195E+01 0.6010E+00 0.4550E+00 0.4650E+00 0.5640E+00 0.6730E+00 0.7210E+00 0.7660E+00 0.6940E+00 0.8020E+00 0.2503E+01 0.2872E+01 0.2742E+01 0.6730E+00 0.4350E+00 0.2720E+00 0.4070E+00 0.2610E+01 0.7580E+00 0.6420E+00 0.4700E+00 0.3200E+00 0.2190E+00 0.1580E+00 0.1140E+00 0.1850E+00 0.2690E+00 0.4500E+00 0.1383E+01 0.1564E+01 0.3160E+00 0.1950E+00 -0.9990E+03 -0.9990E+03 -0.9990E+03
0.2510E+00 0.1980E+00 0.1570E+00 0.1250E+00 0.1200E+00 0.1040E+00 0.1020E+00 0.1450E+00 0.2630E+00 0.4850E+00 0.8950E+00 0.3351E+01 0.4680E+00 0.2330E+00 0.1950E+00 0.1690E+00 0.1130E+00 0.1710E+00 0.2420E+00 0.2990E+00 0.3160E+00 0.5320E+00 0.2378E+01 0.2138E+01 0.2212E+01 0.2488E+01 0.2832E+01 0.3227E+01 0.3143E+01 0.2383E+01 0.2830E+01 0.3408E+01 0.8480E+00 0.5510E+00 0.3710E+00 0.2590E+00 0.2420E+00 0.2970E+00 0.5210E+00 0.2700E+01 0.2515E+01 0.1796E+01 0.5540E+00 0.3750E+00 0.2520E+00 0.2590E+00 0.3100E+00 0.4840E+00 0.1725E+01 0.7020E+00 0.2820E+00 0.1440E+00 -0.9990E+03 -0.9990E+03 -0.9990E+03 -0.9990E+03
0.5700E-01 0.2500E-01 0.0000E+00 0.0000E+00 0.0000E+00 0.0000E+00 0.7000E-02 0.4700E-01 0.1630E+00 0.3040E+00 0.7350E+00 0.3980E+01 0.1102E+01 0.4760E+00 0.2590E+00 0.1410E+00 0.1900E-01 0.5900E-01 0.1010E+00 0.1450E+00 0.1690E+00 0.1910E+00 0.2510E+00 0.2880E+00 0.3090E+00 0.4060E+00 0.4770E+00 0.5210E+00 0.5360E+00 0.4850E+00 0.7280E+00 0.2001E+01 0.6280E+00 0.3900E+00 0.2540E+00 0.1750E+00 0.1380E+00 0.1830E+00 0.2770E+00 0.2820E+00 0.2870E+00 0.9140E+00 0.2074E+01 0.1079E+01 0.4400E+00 0.4630E+00 0.8150E+00 0.1748E+01 0.6720E+00 0.2250E+00 0.1360E+00 0.9000E-01 -0.9990E+03 -0.9990E+03 -0.9990E+03 -0.9990E+03
0.4000E-02 0.0000E+00 0.0000E+00 0.0000E+00 0.0000E+00 0.0000E+00 0.0000E+00 0.2100E-01 0.1110E+00 0.2490E+00 0.5170E+00 0.1169E+01 0.4643E+01 0.7940E+00 0.3370E+00 0.1730E+00 0.0000E+00 0.1300E-01 0.3200E-01 0.5200E-01 0.7800E-01 0.8500E-01 0.1060E+00 0.1450E+00 0.1670E+00 0.1860E+00 0.1710E+00 0.2110E+00 0.2540E+00 0.3350E+00 0.4520E+00 0.1050E+01 0.1387E+01 0.3890E+00 0.1960E+00 0.1060E+00 0.5300E-01 0.7400E-01 0.9300E-01 0.1530E+00 0.1230E+00 0.1650E+00 0.2440E+00 0.1053E+01 0.1638E+01 0.1604E+01 0.1363E+01 0.3280E+00 0.1900E+00 0.9200E-01 0.6200E-01 0.3800E-01 -0.9990E+03 -0.9990E+03 -0.9990E+03 -0.9990E+03
0.0000E+00 0.0000E+00 0.0000E+00 0.0000E+00 0.0000E+00 0.0000E+00 0.0000E+00 0.0000E+00 0.4600E-01 0.1490E+00 0.2740E+00 0.9160E+00 0.4403E+01 0.8060E+00 0.2640E+00 0.1900E+00 0.0000E+00 0.0000E+00 0.0000E+00 0.1000E-01 0.2200E-01 0.3300E-01 0.4900E-01 0.6700E-01 0.9100E-01 0.1130E+00 0.1140E+00 0.1180E+00 0.1480E+00 0.1850E+00 0.2560E+00 0.5300E+00 0.2093E+01 0.3530E+00 0.1390E+00 0.8100E-01 0.1900E-01 0.3600E-01 0.5700E-01 0.7300E-01 0.6800E-01 0.8400E-01 0.1330E+00 0.2550E+00 0.2910E+00 0.2880E+00 0.2320E+00 0.1380E+00 0.8400E-01 0.5100E-01 0.2700E-01 0.1300E-01 -0.9990E+03 -0.9990E+03 -0.9990E+03 -0.9990E+03
0.0000E+00 0.0000E+00 0.0000E+00 0.0000E+00 0.0000E+00 0.0000E+00 0.0000E+00 0.0000E+00 0.3000E-01 0.1460E+00 0.3630E+00 0.8390E+00 0.4310E+01 0.8450E+00 0.3170E+00 0.1990E+00 0.2600E-01 0.0000E+00 0.0000E+00 0.0000E+00 0.0000E+00 0.0000E+00 0.0000E+00 0.0000E+00 0.0000E+00 0.0000E+00 0.0000E+00 0.0000E+00 0.1600E-01 0.1110E+00 0.1260E+00 0.4790E+00 0.2168E+01 0.4160E+00 0.1740E+00 0.7900E-01 0.0000E+00 0.0000E+00 0.3000E-02 0.1700E-01 0.3200E-01 0.5700E-01 0.7800E-01 0.1070E+00 0.1180E+00 0.1210E+00 0.9600E-01 0.6700E-01 0.4200E-01 0.2200E-01 0.7000E-02 0.2000E-02 -0.9990E+03 -0.9990E+03 -0.9990E+03 -0.9990E+03
0.0000E+00 0.0000E+00 0.0000E+00 0.0000E+00 0.0000E+00 0.0000E+00 0.0000E+00 0.0000E+00 0.0000E+00 0.2300E+00 0.4110E+00 0.8740E+00 0.3970E+01 0.8570E+00 0.3760E+00 0.2170E+00 0.3900E-01 0.0000E+00 0.0000E+00 0.0000E+00 0.0000E+00 0.0000E+00 0.0000E+00 0.0000E+00 0.0000E+00 0.0000E+00 0.0000E+00 0.0000E+00 0.1200E-01 0.1230E+00 0.1310E+00 0.3840E+00 0.2124E+01 0.4150E+00 0.1700E+00 0.8200E-01 0.0000E+00 0.0000E+00 0.0000E+00 0.0000E+00 0.6000E-02 0.1900E-01 0.3100E-01 0.4100E-01 0.4500E-01 0.4700E-01 0.4000E-01 0.2700E-01 0.1300E-01 0.6000E-02 0.0000E+00 0.0000E+00 0.0000E+00 -0.9990E+03 -0.9990E+03 -0.9990E+03
0.0000E+00 0.0000E+00 0.0000E+00 0.0000E+00 0.0000E+00 0.0000E+00 0.0000E+00 0.0000E+00 0.0000E+00 0.2000E+00 0.3640E+00 0.5800E+00 0.3627E+01 0.9420E+00 0.4640E+00 0.1490E+00 0.4000E-01 0.0000E+00 0.0000E+00 0.0000E+00 0.0000E+00 0.0000E+00 0.0000E+00 0.0000E+00 0.0000E+00 0.0000E+00 0.0000E+00 0.0000E+00 0.2100E-01 0.9600E-01 0.1140E+00 0.2520E+00 0.2048E+01 0.3760E+00 0.1530E+00 0.6900E-01 0.0000E+00 0.0000E+00 0.0000E+00 0.0000E+00 0.0000E+00 0.0000E+00 0.0000E+00 0.0000E+00 0.0000E+00 0.0000E+00 0.0000E+00 0.0000E+00 0.0000E+00 0.0000E+00 0.0000E+00 0.0000E+00 0.0000E+00 -0.9990E+03 -0.9990E+03 -0.9990E+03
