Data/conc_no2_2018/rwc_no2_2018.asc
NCOLS          280
NROWS          320
XLLCORNER            0
YLLCORNER       300000
CELLSIZE         1000
NODATA_VALUE  -0.9990E+03
[rows 225 to 249 of 320, columns 112 to 167 of 280]
0.2490E+01 0.7594E+01 0.1041E+02 0.2492E+01 0.1414E+01 0.6630E+00 0.5930E+00 0.4580E+00 0.4460E+00 0.7280E+00 0.7770E+00 0.6730E+00 0.7820E+00 0.1634E+01 0.2866E+01 0.7581E+01 0.6239E+01 0.6945E+01 0.5739E+01 0.5837E+01 0.5509E+01 0.5469E+01 0.5272E+01 0.7992E+01 0.2666E+01 0.1545E+01 0.1648E+01 0.6778E+01 0.4548E+01 0.2097E+01 0.1931E+01 0.1305E+01 0.8510E+00 0.7200E+00 0.5300E+00 0.3300E+00 0.1890E+00 0.1450E+00 0.2030E+00 0.3510E+00 0.6260E+00 0.1543E+01 0.5734E+01 0.1349E+01 0.6880E+00 0.4250E+00 0.5000E+00 0.6720E+00 0.1377E+01 0.5464E+01 0.9900E+00 0.3810E+00 0.1310E+00 0.0000E+00 0.0000E+00 0.0000E+00
0.1025E+02 0.6375E+01 0.1999E+01 0.1076E+01 0.5750E+00 0.5630E+00 0.5420E+00 0.3130E+00 0.2750E+00 0.2960E+00 0.4730E+00 0.5580E+00 0.5950E+00 0.7990E+00 0.1049E+01 0.1437E+01 0.1389E+01 0.1153E+01 0.1018E+01 0.8720E+00 0.8230E+00 0.8380E+00 0.1146E+01 0.1341E+01 0.8870E+00 0.6840E+00 0.9360E+00 0.1400E+01 0.3194E+01 0.7919E+01 0.7784E+01 0.2288E+01 0.2043E+01 0.1266E+01 0.9700E+00 0.6940E+00 0.4940E+00 0.3010E+00 0.2420E+00 0.3170E+00 0.4920E+00 0.1062E+01 0.4946E+01 0.3899E+01 0.1047E+01 0.5740E+00 0.5780E+00 0.8410E+00 0.3491E+01 0.3235E+01 0.7270E+00 0.3430E+00 0.1350E+00 0.0000E+00 0.0000E+00 0.0000E+00
0.2401E+01 0.1780E+01 0.7970E+00 0.3620E+00 0.2610E+00 0.1730E+00 0.7300E-01 0.1900E-01 0.0000E+00 0.1800E-01 0.5600E-01 0.1340E+00 0.2720E+00 0.3780E+00 0.5450E+00 0.6260E+00 0.6530E+00 0.4940E+00 0.5040E+00 0.3680E+00 0.3680E+00 0.4440E+00 0.5320E+00 0.5370E+00 0.5110E+00 0.4910E+00 0.5590E+00 0.7440E+00 0.1080E+01 0.1675E+01 0.2153E+01 0.7778E+01 0.8034E+01 0.3296E+01 0.1833E+01 0.1371E+01 0.1036E+01 0.7940E+00 0.6980E+00 0.6710E+00 0.7440E+00 0.9680E+00 0.1606E+01 0.6435E+01 0.1628E+01 0.1022E+01 0.9130E+00 0.1157E+01 0.4354E+01 0.8960E+00 0.5310E+00 0.2660E+00 0.1260E+00 0.0000E+00 0.0000E+00 0.0000E+00
0.1258E+01 0.9250E+00 0.3300E+00 0.2540E+00 0.1360E+00 0.5700E-01 0.0000E+00 0.0000E+00 0.0000E+00 0.0000E+00 0.0000E+00 0.9000E-02 0.6600E-01 0.1140E+00 0.1900E+00 0.2640E+00 0.3060E+00 0.3350E+00 0.3280E+00 0.2610E+00 0.2870E+00 0.2580E+00 0.2310E+00 0.1670E+00 0.1820E+00 0.1830E+00 0.2500E+00 0.3660E+00 0.5720E+00 0.7780E+00 0.1080E+01 0.1411E+01 0.1743E+01 0.6802E+01 0.7977E+01 0.3499E+01 0.1827E+01 0.8730E+00 0.7150E+00 0.9760E+00 0.1010E+01 0.1130E+01 0.1304E+01 0.1939E+01 0.5592E+01 0.1476E+01 0.1100E+01 0.1254E+01 0.4788E+01 0.9320E+00 0.4680E+00 0.2740E+00 0.1110E+00 0.4000E-02 0.0000E+00 0.0000E+00
0.4900E+00 0.4860E+00 0.1620E+00 0.6200E-01 0.2600E-01 0.0000E+00 0.0000E+00 0.0000E+00 0.0000E+00 0.0000E+00 0.0000E+00 0.0000E+00 0.0000E+00 0.0000E+00 0.0000E+00 0.0000E+00 0.0000E+00 0.0000E+00 0.0000E+00 0.0000E+00 0.0000E+00 0.0000E+00 0.0000E+00 0.0000E+00 0.0000E+00 0.1300E-01 0.8800E-01 0.1500E+00 0.3020E+00 0.4210E+00 0.5520E+00 0.7640E+00 0.1025E+01 0.1169E+01 0.1725E+01 0.6677E+01 0.7564E+01 0.1223E+01 0.1183E+01 0.1550E+01 0.1814E+01 0.1263E+01 0.1110E+01 0.1279E+01 0.3514E+01 0.4804E+01 0.1975E+01 0.1646E+01 0.2961E+01 0.3063E+01 0.6290E+00 0.2680E+00 0.8200E-01 0.4000E-02 0.0000E+00 0.0000E+00
-0.9990E+03 -0.9990E+03 0.0000E+00 0.0000E+00 0.0000E+00 0.0000E+00 0.0000E+00 0.0000E+00 0.0000E+00 0.0000E+00 0.0000E+00 0.0000E+00 0.0000E+00 0.0000E+00 0.0000E+00 0.0000E+00 0.0000E+00 0.0000E+00 0.0000E+00 0.0000E+00 0.0000E+00 0.0000E+00 0.0000E+00 0.0000E+00 0.0000E+00 0.0000E+00 0.0000E+00 0.0000E+00 0.6000E-01 0.1400E+00 0.2030E+00 0.3740E+00 0.5310E+00 0.5010E+00 0.6440E+00 0.1557E+01 0.3068E+01 0.7375E+01 0.7060E+01 0.7145E+01 0.6604E+01 0.6067E+01 0.1594E+01 0.1809E+01 0.2576E+01 0.7883E+01 0.7366E+01 0.5951E+01 0.5021E+01 0.4085E+01 0.6180E+00 0.2250E+00 0.6500E-01 0.4000E-02 0.0000E+00 0.0000E+00
-0.9990E+03 -0.9990E+03 -0.9990E+03 0.0000E+00 0.0000E+00 0.0000E+00 0.0000E+00 0.0000E+00 0.0000E+00 0.0000E+00 0.0000E+00 0.0000E+00 0.0000E+00 0.0000E+00 0.0000E+00 0.0000E+00 0.0000E+00 0.0000E+00 0.0000E+00 0.0000E+00 0.0000E+00 0.0000E+00 0.0000E+00 0.0000E+00 0.0000E+00 0.0000E+00 0.0000E+00 0.0000E+00 0.0000E+00 0.0000E+00 0.3000E-01 0.1160E+00 0.2020E+00 0.2420E+00 0.4350E+00 0.7230E+00 0.1054E+01 0.1059E+01 0.1251E+01 0.1405E+01 0.1274E+01 0.3262E+01 0.6519E+01 0.8218E+01 0.1135E+02 0.9055E+01 0.1735E+01 0.1213E+01 0.7530E+00 0.9100E+00 0.7440E+00 0.1740E+00 0.5400E-01 0.4000E-02 0.0000E+00 0.0000E+00
-0.9990E+03 -0.9990E+03 -0.9990E+03 -0.9990E+03 0.0000E+00 0.0000E+00 0.0000E+00 0.0000E+00 0.0000E+00 0.0000E+00 0.0000E+00 0.0000E+00 0.0000E+00 0.0000E+00 0.0000E+00 0.0000E+00 0.0000E+00 0.0000E+00 0.0000E+00 0.0000E+00 0.0000E+00 0.0000E+00 0.0000E+00 0.0000E+00 0.0000E+00 0.0000E+00 0.0000E+00 0.0000E+00 0.0000E+00 0.0000E+00 0.0000E+00 0.0000E+00 0.4500E-01 0.1120E+00 0.2070E+00 0.3200E+00 0.2860E+00 0.3800E+00 0.6000E+00 0.6660E+00 0.7160E+00 0.1217E+01 0.2026E+01 0.3681E+01 0.1320E+02 0.2474E+01 0.1199E+01 0.8830E+00 0.4460E+00 0.2320E+00 0.1570E+00 0.1040E+00 0.4400E-01 0.3000E-02 0.0000E+00 0.0000E+00
-0.9990E+03 -0.9990E+03 -0.9990E+03 -0.9990E+03 0.0000E+00 0.0000E+00 0.0000E+00 0.0000E+00 0.0000E+00 0.0000E+00 0.0000E+00 0.0000E+00 0.0000E+00 0.0000E+00 0.0000E+00 0.0000E+00 0.0000E+00 -0.9990E+03 -0.9990E+03 0.0000E+00 0.0000E+00 0.0000E+00 0.0000E+00 0.0000E+00 0.0000E+00 0.0000E+00 0.0000E+00 0.0000E+00 0.0000E+00 0.0000E+00 0.0000E+00 0.0000E+00 0.0000E+00 0.7000E-02 0.5900E-01 0.1150E+00 0.1390E+00 0.2000E+00 0.2190E+00 0.3440E+00 0.4340E+00 0.8920E+00 0.1610E+01 0.3109E+01 0.1177E+02 0.2357E+01 0.1377E+01 0.7900E+00 0.3770E+00 0.1200E+00 0.8400E-01 0.5300E-01 0.2700E-01 0.3000E-02 0.0000E+00 0.0000E+00
-0.9990E+03 -0.9990E+03 -0.9990E+03 -0.9990E+03 0.0000E+00 0.0000E+00 0.0000E+00 0.0000E+00 0.0000E+00 0.0000E+00 0.0000E+00 0.0000E+00 0.0000E+00 0.0000E+00 0.0000E+00 0.0000E+00 0.0000E+00 -0.9990E+03 -0.9990E+03 -0.9990E+03 -0.9990E+03 0.0000E+00 0.0000E+00 0.0000E+00 0.0000E+00 0.0000E+00 0.0000E+00 0.0000E+00 0.0000E+00 0.0000E+00 0.0000E+00 0.0000E+00 0.0000E+00 0.0000E+00 0.0000E+00 0.0000E+00 0.0000E+00 0.0000E+00 0.1000E-01 0.4500E-01 0.9700E-01 0.5360E+00 0.1243E+01 0.2150E+01 0.1351E+02 0.3865E+01 0.1572E+01 0.7170E+00 0.2710E+00 0.9000E-02 0.8000E-02 0.7000E-02 0.5000E-02 0.2000E-02 0.0000E+00 0.0000E+00
-0.9990E+03 -0.9990E+03 -0.9990E+03 0.0000E+00 0.0000E+00 0.0000E+00 0.0000E+00 0.0000E+00 0.0000E+00 0.0000E+00 0.0000E+00 0.0000E+00 0.0000E+00 0.0000E+00 0.0000E+00 0.0000E+00 0.0000E+00 -0.9990E+03 -0.9990E+03 -0.9990E+03 -0.9990E+03 -0.9990E+03 0.0000E+00 0.0000E+00 0.0000E+00 0.0000E+00 0.0000E+00 0.0000E+00 0.0000E+00 0.0000E+00 0.0000E+00 0.0000E+00 0.0000E+00 0.0000E+00 0.0000E+00 0.0000E+00 0.0000E+00 0.0000E+00 0.0000E+00 0.0000E+00 0.2000E-02 0.3010E+00 0.8690E+00 0.1303E+01 0.2404E+01 0.1486E+02 0.2182E+01 0.6880E+00 0.2840E+00 0.2000E-02 0.0000E+00 0.0000E+00 0.0000E+00 0.0000E+00 0.1500E-01 0.6000E-01
-0.9990E+03 -0.9990E+03 -0.9990E+03 0.0000E+00 0.0000E+00 0.0000E+00 0.0000E+00 0.0000E+00 0.0000E+00 0.0000E+00 0.0000E+00 0.0000E+00 0.0000E+00 0.0000E+00 0.0000E+00 0.0000E+00 0.0000E+00 -0.9990E+03 -0.9990E+03 -0.9990E+03 -0.9990E+03 -0.9990E+03 0.0000E+00 0.0000E+00 0.0000E+00 0.0000E+00 0.0000E+00 0.0000E+00 0.0000E+00 0.0000E+00 0.0000E+00 0.0000E+00 0.0000E+00 0.0000E+00 0.0000E+00 0.0000E+00 0.0000E+00 0.0000E+00 0.0000E+00 0.0000E+00 0.0000E+00 0.1850E+00 0.6640E+00 0.1107E+01 0.2048E+01 0.1031E+02 0.1524E+01 0.6540E+00 0.3260E+00 0.9000E-02 0.0000E+00 0.0000E+00 0.1200E-01 0.6400E-01 0.1370E+00 0.2020E+00
0.0000E+00 0.0000E+00 0.0000E+00 0.0000E+00 0.0000E+00 0.0000E+00 0.0000E+00 0.0000E+00 0.0000E+00 0.0000E+00 0.0000E+00 0.0000E+00 0.0000E+00 0.0000E+00 0.0000E+00 0.0000E+00 -0.9990E+03 -0.9990E+03 -0.9990E+03 -0.9990E+03 -0.9990E+03 -0.9990E+03 -0.9990E+03 0.0000E+00 0.0000E+00 0.0000E+00 0.0000E+00 0.0000E+00 0.0000E+00 0.0000E+00 0.0000E+00 0.0000E+00 0.0000E+00 0.0000E+00 0.0000E+00 0.0000E+00 0.0000E+00 0.0000E+00 0.0000E+00 0.0000E+00 0.0000E+00 0.1050E+00 0.4950E+00 0.7720E+00 0.1592E+01 0.9291E+01 0.1747E+01 0.1165E+01 0.8800E+00 0.6070E+00 0.5350E+00 0.5200E+00 0.6190E+00 0.5920E+00 0.5290E+00 0.4870E+00
0.0000E+00 0.0000E+00 0.0000E+00 0.0000E+00 0.0000E+00 0.0000E+00 0.0000E+00 0.0000E+00 0.0000E+00 0.0000E+00 0.0000E+00 0.0000E+00 0.0000E+00 0.0000E+00 0.0000E+00 -0.9990E+03 -0.9990E+03 -0.9990E+03 -0.9990E+03 -0.9990E+03 -0.9990E+03 -0.9990E+03 0.0000E+00 0.0000E+00 0.0000E+00 0.0000E+00 0.0000E+00 0.0000E+00 0.0000E+00 0.0000E+00 0.0000E+00 0.0000E+00 0.0000E+00 0.0000E+00 0.0000E+00 0.0000E+00 0.0000E+00 0.0000E+00 0.8000E-02 0.4600E-01 0.1150E+00 0.1970E+00 0.5150E+00 0.8010E+00 0.1549E+01 0.8870E+01 0.1889E+01 0.1344E+01 0.1248E+01 0.1084E+01 0.8430E+00 0.8420E+00 0.1319E+01 0.8190E+00 0.7390E+00 0.8690E+00
0.0000E+00 0.0000E+00 0.0000E+00 0.0000E+00 0.0000E+00 0.0000E+00 0.0000E+00 0.0000E+00 0.0000E+00 0.0000E+00 0.0000E+00 0.0000E+00 0.0000E+00 0.0000E+00 -0.9990E+03 -0.9990E+03 -0.9990E+03 -0.9990E+03 -0.9990E+03 -0.9990E+03 -0.9990E+03 0.0000E+00 0.0000E+00 0.0000E+00 0.0000E+00 0.0000E+00 0.0000E+00 0.0000E+00 0.0000E+00 0.0000E+00 0.0000E+00 0.0000E+00 0.0000E+00 0.0000E+00 0.0000E+00 0.0000E+00 0.0000E+00 0.2600E-01 0.9200E-01 0.1850E+00 0.3010E+00 0.4180E+00 0.7330E+00 0.9230E+00 0.1595E+01 0.7745E+01 0.3676E+01 0.2637E+01 0.2949E+01 0.2210E+01 0.1977E+01 0.2000E+01 0.2781E+01 0.2084E+01 0.1412E+01 0.3562E+01
-0.9990E+03 -0.9990E+03 -0.9990E+03 -0.9990E+03 -0.9990E+03 -0.9990E+03 -0.9990E+03 -0.9990E+03 -0.9990E+03 0.0000E+00 0.0000E+00 0.0000E+00 0.0000E+00 -0.9990E+03 -0.9990E+03 -0.9990E+03 -0.9990E+03 -0.9990E+03 -0.9990E+03 -0.9990E+03 -0.9990E+03 0.0000E+00 0.0000E+00 0.0000E+00 0.0000E+00 0.0000E+00 0.0000E+00 0.0000E+00 0.0000E+00 0.0000E+00 0.0000E+00 0.0000E+00 0.0000E+00 0.0000E+00 0.0000E+00 0.1800E-01 0.8500E-01 0.1520E+00 0.2760E+00 0.4310E+00 0.5470E+00 0.1031E+01 0.1622E+01 0.1387E+01 0.3960E+01 0.7673E+01 0.1503E+02 0.1296E+02 0.1051E+02 0.1127E+02 0.1260E+02 0.1080E+02 0.9604E+01 0.9192E+01 0.8908E+01 0.6243E+01
-0.9990E+03 -0.9990E+03 -0.9990E+03 -0.9990E+03 -0.9990E+03 -0.9990E+03 -0.9990E+03 -0.9990E+03 -0.9990E+03 -0.9990E+03 0.0000E+00 0.0000E+00 -0.9990E+03 -0.9990E+03 -0.9990E+03 -0.9990E+03 -0.9990E+03 -0.9990E+03 -0.9990E+03 -0.9990E+03 -0.9990E+03 0.0000E+00 0.0000E+00 0.0000E+00 0.0000E+00 0.0000E+00 0.0000E+00 0.0000E+00 0.0000E+00 0.0000E+00 0.0000E+00 0.0000E+00 0.0000E+00 0.0000E+00 0.2600E-01 0.8700E-01 0.1970E+00 0.3350E+00 0.5270E+00 0.6850E+00 0.1114E+01 0.3006E+01 0.7044E+01 0.6248E+01 0.5075E+01 0.2314E+01 0.2374E+01 0.1882E+01 0.1675E+01 0.1746E+01 0.2059E+01 0.8379E+01 0.2928E+01 0.1832E+01 0.1656E+01 0.1311E+01
-0.9990E+03 -0.9990E+03 -0.9990E+03 -0.9990E+03 -0.9990E+03 -0.9990E+03 -0.9990E+03 -0.9990E+03 -0.9990E+03 -0.9990E+03 -0.9990E+03 -0.9990E+03 -0.9990E+03 -0.9990E+03 -0.9990E+03 -0.9990E+03 -0.9990E+03 -0.9990E+03 -0.9990E+03 -0.9990E+03 -0.9990E+03 0.0000E+00 0.0000E+00 0.0000E+00 0.0000E+00 0.0000E+00 0.0000E+00 0.0000E+00 0.0000E+00 0.0000E+00 0.0000E+00 0.0000E+00 0.9000E-02 0.6300E-01 0.1320E+00 0.2410E+00 0.4190E+00 0.6700E+00 0.1167E+01 0.1651E+01 0.5833E+01 0.6645E+01 0.1325E+01 0.1299E+01 0.1172E+01 0.1089E+01 0.7830E+00 0.7360E+00 0.8780E+00 0.1311E+01 0.1801E+01 0.6426E+01 0.2102E+01 0.1189E+01 0.9040E+00 0.4650E+00
-0.9990E+03 -0.9990E+03 -0.9990E+03 -0.9990E+03 -0.9990E+03 -0.9990E+03 -0.9990E+03 -0.9990E+03 -0.9990E+03 -0.9990E+03 -0.9990E+03 -0.9990E+03 -0.9990E+03 -0.9990E+03 -0.9990E+03 -0.9990E+03 -0.9990E+03 -0.9990E+03 -0.9990E+03 -0.9990E+03 -0.9990E+03 -0.9990E+03 0.0000E+00 0.0000E+00 0.0000E+00 0.0000E+00 0.0000E+00 0.0000E+00 0.0000E+00 0.0000E+00 0.0000E+00 0.1200E-01 0.7600E-01 0.1660E+00 0.2910E+00 0.4860E+00 0.8130E+00 0.1385E+01 0.3908E+01 0.8189E+01 0.2114E+01 0.9500E+00 0.6130E+00 0.6120E+00 0.6270E+00 0.5940E+00 0.6290E+00 0.5970E+00 0.5790E+00 0.7880E+00 0.1476E+01 0.4975E+01 0.5629E+01 0.1571E+01 0.8960E+00 0.3900E+00
-0.9990E+03 -0.9990E+03 -0.9990E+03 -0.9990E+03 -0.9990E+03 -0.9990E+03 -0.9990E+03 -0.9990E+03 -0.9990E+03 -0.9990E+03 -0.9990E+03 -0.9990E+03 -0.9990E+03 -0.9990E+03 -0.9990E+03 -0.9990E+03 -0.9990E+03 -0.9990E+03 -0.9990E+03 -0.9990E+03 -0.9990E+03 -0.9990E+03 -0.9990E+03 0.0000E+00 0.0000E+00 0.0000E+00 0.0000E+00 0.0000E+00 0.0000E+00 0.0000E+00 0.1500E-01 0.4400E-01 0.1600E+00 0.1890E+00 0.3440E+00 0.7870E+00 0.1253E+01 0.5295E+01 0.4336E+01 0.1417E+01 0.7620E+00 0.5420E+00 0.4000E+00 0.2130E+00 0.1710E+00 0.1100E+00 0.6200E-01 0.1900E-01 0.1000E+00 0.2840E+00 0.6350E+00 0.1377E+01 0.6822E+01 0.1334E+01 0.8750E+00 0.4900E+00
-0.9990E+03 -0.9990E+03 -0.9990E+03 -0.9990E+03 -0.9990E+03 -0.9990E+03 -0.9990E+03 -0.9990E+03 -0.9990E+03 -0.9990E+03 -0.9990E+03 -0.9990E+03 -0.9990E+03 -0.9990E+03 -0.9990E+03 -0.9990E+03 -0.9990E+03 -0.9990E+03 -0.9990E+03 -0.9990E+03 -0.9990E+03 -0.9990E+03 -0.9990E+03 0.0000E+00 0.0000E+00 0.0000E+00 0.0000E+00 0.0000E+00 0.0000E+00 0.1900E-01 0.5000E-01 0.1380E+00 0.3150E+00 0.5870E+00 0.1163E+01 0.2666E+01 0.6923E+01 0.1903E+01 0.6590E+00 0.5760E+00 0.3760E+00 0.1930E+00 0.1420E+00 0.5800E-01 0.3300E-01 0.9000E-02 0.1100E-01 0.1100E-01 0.5600E-01 0.1730E+00 0.4120E+00 0.6780E+00 0.2348E+01 0.5757E+01 0.1267E+01 0.8150E+00
-0.9990E+03 -0.9990E+03 -0.9990E+03 -0.9990E+03 -0.9990E+03 -0.9990E+03 -0.9990E+03 -0.9990E+03 -0.9990E+03 -0.9990E+03 -0.9990E+03 -0.9990E+03 -0.9990E+03 -0.9990E+03 -0.9990E+03 -0.9990E+03 -0.9990E+03 -0.9990E+03 -0.9990E+03 -0.9990E+03 -0.9990E+03 -0.9990E+03 -0.9990E+03 -0.9990E+03 0.0000E+00 0.0000E+00 0.0000E+00 0.8000E-02 0.2900E-01 0.8100E-01 0.1360E+00 0.2970E+00 0.5540E+00 0.1134E+01 0.3949E+01 0.5645E+01 0.1466E+01 0.5240E+00 0.4200E+00 0.2880E+00 0.1650E+00 0.8200E-01 0.3400E-01 0.1300E-01 0.1500E-01 0.2400E-01 0.4200E-01 0.4000E-01 0.3600E-01 0.1010E+00 0.2320E+00 0.4390E+00 0.7980E+00 0.5446E+01 0.2047E+01 0.1622E+01
-0.9990E+03 -0.9990E+03 -0.9990E+03 -0.9990E+03 -0.9990E+03 -0.9990E+03 -0.9990E+03 -0.9990E+03 -0.9990E+03 -0.9990E+03 -0.9990E+03 -0.9990E+03 -0.9990E+03 -0.9990E+03 -0.9990E+03 -0.9990E+03 -0.9990E+03 -0.9990E+03 -0.9990E+03 -0.9990E+03 -0.9990E+03 -0.9990E+03 -0.9990E+03 -0.9990E+03 -0.9990E+03 0.0000E+00 0.0000E+00 0.1000E-01 0.3900E-01 0.1050E+00 0.1950E+00 0.4690E+00 0.9920E+00 0.3556E+01 0.4242E+01 0.8580E+00 0.6170E+00 0.3860E+00 0.2210E+00 0.1140E+00 0.4600E-01 0.1500E-01 0.4000E-02 0.1600E-01 0.2800E-01 0.6200E-01 0.3380E+00 0.2620E+00 0.3500E-01 0.6000E-01 0.1370E+00 0.2390E+00 0.4430E+00 0.1196E+01 0.6186E+01 0.6508E+01
-0.9990E+03 -0.9990E+03 -0.9990E+03 -0.9990E+03 -0.9990E+03 -0.9990E+03 -0.9990E+03 -0.9990E+03 -0.9990E+03 -0.9990E+03 -0.9990E+03 -0.9990E+03 -0.9990E+03 -0.9990E+03 -0.9990E+03 -0.9990E+03 -0.9990E+03 -0.9990E+03 -0.9990E+03 -0.9990E+03 -0.9990E+03 -0.9990E+03 -0.9990E+03 -0.9990E+03 -0.9990E+03 0.0000E+00 0.0000E+00 0.1100E-01 0.4600E-01 0.1350E+00 0.3730E+00 0.8210E+00 0.4270E+01 0.2770E+01 0.9290E+00 0.3840E+00 0.2370E+00 0.1960E+00 0.1020E+00 0.4100E-01 0.4000E-02 0.0000E+00 0.9000E-02 0.2200E-01 0.4600E-01 0.9000E-01 0.3750E+00 0.1020E+00 0.4200E-01 0.2200E-01 0.7300E-01 0.1410E+00 0.2690E+00 0.6730E+00 0.1348E+01 0.3114E+01
-0.9990E+03 -0.9990E+03 -0.9990E+03 -0.9990E+03 -0.9990E+03 -0.9990E+03 -0.9990E+03 -0.9990E+03 -0.9990E+03 -0.9990E+03 -0.9990E+03 -0.9990E+03 -0.9990E+03 -0.9990E+03 -0.9990E+03 -0.9990E+03 -0.9990E+03 -0.9990E+03 -0.9990E+03 -0.9990E+03 -0.9990E+03 -0.9990E+03 -0.9990E+03 -0.9990E+03 -0.9990E+03 0.0000E+00 0.0000E+00 0.1200E-01 0.5400E-01 0.1810E+00 0.1827E+01 0.4270E+01 0.2203E+01 0.5100E+00 0.3380E+00 0.1630E+00 0.9400E-01 0.7700E-01 0.2900E-01 0.0000E+00 0.0000E+00 0.2000E-02 0.1900E-01 0.4300E-01 0.7500E-01 0.1470E+00 0.7910E+00 0.1000E+00 0.4000E-01 0.1300E-01 0.3000E-01 0.7800E-01 0.1500E+00 0.3740E+00 0.6920E+00 0.1094E+01
